5
00000 01000 01100 01110 01111 10000 10100 10110 10111 11000 11010 11011 11100 11101 11110 11111
00000 01000 01100 01110 01111 10000 10100 10110 10111 11000 11001 11011 11100 11101 11110 11111
00000 01000 01100 01110 01111 10000 10100 10110 10111 11000 11001 11010 11100 11101 11110 11111
00000 01000 01100 01110 01111 10000 10100 10110 10111 11000 11001 11010 11011 11100 11110 11111
00000 01000 01100 01110 01111 10000 10100 10101 10111 11000 11010 11011 11100 11101 11110 11111
00000 01000 01100 01110 01111 10000 10100 10101 10111 11000 11001 11011 11100 11101 11110 11111
00000 01000 01100 01110 01111 10000 10100 10101 10111 11000 11001 11010 11100 11101 11110 11111
00000 01000 01100 01110 01111 10000 10100 10101 10110 11000 11010 11011 11100 11101 11110 11111
00000 01000 01100 01110 01111 10000 10100 10101 10110 11000 11001 11011 11100 11101 11110 11111
00000 01000 01100 01110 01111 10000 10100 10101 10110 11000 11001 11010 11100 11101 11110 11111
00000 01000 01100 01110 01111 10000 10100 10101 10110 10111 11000 11010 11011 11100 11110 11111
00000 01000 01100 01110 01111 10000 10010 10110 10111 11000 11010 11011 11100 11101 11110 11111
00000 01000 01100 01110 01111 10000 10010 10110 10111 11000 11001 11010 11100 11101 11110 11111
00000 01000 01100 01110 01111 10000 10010 10110 10111 11000 11001 11010 11011 11100 11110 11111
00000 01000 01100 01110 01111 10000 10010 10100 10110 10111 11000 11001 11100 11101 11110 11111
00000 01000 01100 01110 01111 10000 10010 10100 10101 11000 11010 11011 11100 11101 11110 11111
00000 01000 01100 01110 01111 10000 10010 10100 10101 11000 11001 11010 11100 11101 11110 11111
00000 01000 01100 01110 01111 10000 10010 10100 10101 10110 11000 11001 11100 11101 11110 11111
00000 01000 01100 01110 01111 10000 10010 10011 10111 11000 11010 11011 11100 11101 11110 11111
00000 01000 01100 01110 01111 10000 10010 10011 10111 11000 11001 11010 11011 11100 11110 11111
00000 01000 01100 01110 01111 10000 10010 10011 10110 11000 11010 11011 11100 11101 11110 11111
00000 01000 01100 01110 01111 10000 10010 10011 10110 11000 11001 11010 11011 11100 11110 11111
00000 01000 01100 01110 01111 10000 10010 10011 10110 10111 11000 11010 11100 11101 11110 11111
00000 01000 01100 01110 01111 10000 10010 10011 10100 11000 11010 11011 11100 11101 11110 11111
00000 01000 01100 01110 01111 10000 10010 10011 10100 11000 11001 11010 11011 11100 11110 11111
00000 01000 01100 01110 01111 10000 10010 10011 10100 10110 10111 11000 11100 11101 11110 11111
00000 01000 01100 01110 01111 10000 10010 10011 10100 10101 10110 10111 11000 11100 11110 11111
00000 01000 01100 01110 01111 10000 10001 10101 10111 11000 11001 11011 11100 11101 11110 11111
00000 01000 01100 01110 01111 10000 10001 10101 10111 11000 11001 11010 11100 11101 11110 11111
00000 01000 01100 01110 01111 10000 10001 10100 10110 11000 11001 11011 11100 11101 11110 11111
00000 01000 01100 01110 01111 10000 10001 10100 10110 11000 11001 11010 11100 11101 11110 11111
00000 01000 01100 01110 01111 10000 10001 10100 10110 11000 11001 11010 11011 11100 11110 11111
00000 01000 01100 01110 01111 10000 10001 10100 10101 10111 11000 11010 11100 11101 11110 11111
00000 01000 01100 01110 01111 10000 10001 10100 10101 10110 11000 11010 11100 11101 11110 11111
00000 01000 01100 01110 01111 10000 10001 10100 10101 10110 10111 11000 11010 11100 11110 11111
00000 01000 01100 01110 01111 10000 10001 10011 10111 11000 11001 11011 11100 11101 11110 11111
00000 01000 01100 01110 01111 10000 10001 10011 10111 11000 11001 11010 11011 11100 11110 11111
00000 01000 01100 01110 01111 10000 10001 10011 10101 11000 11001 11011 11100 11101 11110 11111
00000 01000 01100 01110 01111 10000 10001 10011 10101 10111 11000 11001 11100 11101 11110 11111
00000 01000 01100 01110 01111 10000 10001 10011 10100 11000 11001 11011 11100 11101 11110 11111
00000 01000 01100 01110 01111 10000 10001 10011 10100 11000 11001 11010 11011 11100 11110 11111
00000 01000 01100 01110 01111 10000 10001 10011 10100 10101 10111 11000 11100 11101 11110 11111
00000 01000 01100 01110 01111 10000 10001 10011 10100 10101 10110 10111 11000 11100 11110 11111
00000 01000 01100 01110 01111 10000 10001 10010 10110 11000 11001 11010 11100 11101 11110 11111
00000 01000 01100 01110 01111 10000 10001 10010 10110 11000 11001 11010 11011 11100 11110 11111
00000 01000 01100 01110 01111 10000 10001 10010 10101 11000 11001 11010 11100 11101 11110 11111
00000 01000 01100 01110 01111 10000 10001 10010 10100 11000 11001 11010 11100 11101 11110 11111
00000 01000 01100 01110 01111 10000 10001 10010 10100 11000 11001 11010 11011 11100 11110 11111
00000 01000 01100 01110 01111 10000 10001 10010 10100 10110 11000 11001 11100 11101 11110 11111
00000 01000 01100 01110 01111 10000 10001 10010 10100 10101 11000 11010 11100 11101 11110 11111
00000 01000 01100 01110 01111 10000 10001 10010 10100 10101 10110 11000 11100 11101 11110 11111
00000 01000 01100 01110 01111 10000 10001 10010 10100 10101 10110 10111 11000 11100 11110 11111
00000 01000 01100 01110 01111 10000 10001 10010 10011 10111 11000 11010 11011 11100 11110 11111
00000 01000 01100 01110 01111 10000 10001 10010 10011 10110 11000 11010 11011 11100 11110 11111
00000 01000 01100 01110 01111 10000 10001 10010 10011 10110 10111 11000 11010 11100 11110 11111
00000 01000 01100 01110 01111 10000 10001 10010 10011 10100 11000 11010 11011 11100 11110 11111
00000 01000 01100 01110 01111 10000 10001 10010 10011 10100 10110 10111 11000 11100 11110 11111
00000 01000 01100 01101 01111 10000 10100 10110 10111 11000 11010 11011 11100 11101 11110 11111
00000 01000 01100 01101 01111 10000 10100 10110 10111 11000 11001 11011 11100 11101 11110 11111
00000 01000 01100 01101 01111 10000 10100 10110 10111 11000 11001 11010 11100 11101 11110 11111
00000 01000 01100 01101 01111 10000 10100 10101 10111 11000 11010 11011 11100 11101 11110 11111
00000 01000 01100 01101 01111 10000 10100 10101 10111 11000 11001 11011 11100 11101 11110 11111
00000 01000 01100 01101 01111 10000 10100 10101 10111 11000 11001 11010 11100 11101 11110 11111
00000 01000 01100 01101 01111 10000 10100 10101 10111 11000 11001 11010 11011 11100 11101 11111
00000 01000 01100 01101 01111 10000 10100 10101 10110 11000 11010 11011 11100 11101 11110 11111
00000 01000 01100 01101 01111 10000 10100 10101 10110 11000 11001 11011 11100 11101 11110 11111
00000 01000 01100 01101 01111 10000 10100 10101 10110 11000 11001 11010 11100 11101 11110 11111
00000 01000 01100 01101 01111 10000 10100 10101 10110 10111 11000 11001 11011 11100 11101 11111
00000 01000 01100 01101 01111 10000 10010 10110 10111 11000 11010 11011 11100 11101 11110 11111
00000 01000 01100 01101 01111 10000 10010 10110 10111 11000 11001 11010 11100 11101 11110 11111
00000 01000 01100 01101 01111 10000 10010 10100 10110 10111 11000 11001 11100 11101 11110 11111
00000 01000 01100 01101 01111 10000 10010 10100 10101 11000 11010 11011 11100 11101 11110 11111
00000 01000 01100 01101 01111 10000 10010 10100 10101 11000 11001 11010 11100 11101 11110 11111
00000 01000 01100 01101 01111 10000 10010 10100 10101 11000 11001 11010 11011 11100 11101 11111
00000 01000 01100 01101 01111 10000 10010 10100 10101 10110 11000 11001 11100 11101 11110 11111
00000 01000 01100 01101 01111 10000 10010 10100 10101 10110 10111 11000 11001 11100 11101 11111
00000 01000 01100 01101 01111 10000 10010 10011 10111 11000 11010 11011 11100 11101 11110 11111
00000 01000 01100 01101 01111 10000 10010 10011 10111 11000 11001 11010 11011 11100 11101 11111
00000 01000 01100 01101 01111 10000 10010 10011 10110 11000 11010 11011 11100 11101 11110 11111
00000 01000 01100 01101 01111 10000 10010 10011 10110 10111 11000 11010 11100 11101 11110 11111
00000 01000 01100 01101 01111 10000 10010 10011 10100 11000 11010 11011 11100 11101 11110 11111
00000 01000 01100 01101 01111 10000 10010 10011 10100 11000 11001 11010 11011 11100 11101 11111
00000 01000 01100 01101 01111 10000 10010 10011 10100 10110 10111 11000 11100 11101 11110 11111
00000 01000 01100 01101 01111 10000 10010 10011 10100 10101 10110 10111 11000 11100 11101 11111
00000 01000 01100 01101 01111 10000 10001 10101 10111 11000 11001 11011 11100 11101 11110 11111
00000 01000 01100 01101 01111 10000 10001 10101 10111 11000 11001 11010 11100 11101 11110 11111
00000 01000 01100 01101 01111 10000 10001 10101 10111 11000 11001 11010 11011 11100 11101 11111
00000 01000 01100 01101 01111 10000 10001 10100 10110 11000 11001 11011 11100 11101 11110 11111
00000 01000 01100 01101 01111 10000 10001 10100 10110 11000 11001 11010 11100 11101 11110 11111
00000 01000 01100 01101 01111 10000 10001 10100 10101 10111 11000 11010 11100 11101 11110 11111
00000 01000 01100 01101 01111 10000 10001 10100 10101 10110 11000 11010 11100 11101 11110 11111
00000 01000 01100 01101 01111 10000 10001 10011 10111 11000 11001 11011 11100 11101 11110 11111
00000 01000 01100 01101 01111 10000 10001 10011 10111 11000 11001 11010 11011 11100 11101 11111
00000 01000 01100 01101 01111 10000 10001 10011 10101 11000 11001 11011 11100 11101 11110 11111
00000 01000 01100 01101 01111 10000 10001 10011 10101 11000 11001 11010 11011 11100 11101 11111
00000 01000 01100 01101 01111 10000 10001 10011 10101 10111 11000 11001 11100 11101 11110 11111
00000 01000 01100 01101 01111 10000 10001 10011 10100 11000 11001 11011 11100 11101 11110 11111
00000 01000 01100 01101 01111 10000 10001 10011 10100 11000 11001 11010 11011 11100 11101 11111
00000 01000 01100 01101 01111 10000 10001 10011 10100 10101 10111 11000 11100 11101 11110 11111
00000 01000 01100 01101 01111 10000 10001 10011 10100 10101 10110 10111 11000 11100 11101 11111
00000 01000 01100 01101 01111 10000 10001 10010 10110 11000 11001 11010 11100 11101 11110 11111
00000 01000 01100 01101 01111 10000 10001 10010 10101 11000 11001 11010 11100 11101 11110 11111
00000 01000 01100 01101 01111 10000 10001 10010 10101 11000 11001 11010 11011 11100 11101 11111
00000 01000 01100 01101 01111 10000 10001 10010 10100 11000 11001 11010 11100 11101 11110 11111
00000 01000 01100 01101 01111 10000 10001 10010 10100 11000 11001 11010 11011 11100 11101 11111
00000 01000 01100 01101 01111 10000 10001 10010 10100 10110 11000 11001 11100 11101 11110 11111
00000 01000 01100 01101 01111 10000 10001 10010 10100 10101 11000 11010 11100 11101 11110 11111
00000 01000 01100 01101 01111 10000 10001 10010 10100 10101 10110 11000 11100 11101 11110 11111
00000 01000 01100 01101 01111 10000 10001 10010 10100 10101 10110 10111 11000 11100 11101 11111
00000 01000 01100 01101 01111 10000 10001 10010 10011 10111 11000 11001 11011 11100 11101 11111
00000 01000 01100 01101 01111 10000 10001 10010 10011 10101 11000 11001 11011 11100 11101 11111
00000 01000 01100 01101 01111 10000 10001 10010 10011 10101 10111 11000 11001 11100 11101 11111
00000 01000 01100 01101 01111 10000 10001 10010 10011 10100 11000 11001 11011 11100 11101 11111
00000 01000 01100 01101 01111 10000 10001 10010 10011 10100 10101 10111 11000 11100 11101 11111
00000 01000 01100 01101 01110 10000 10100 10110 10111 11000 11010 11011 11100 11101 11110 11111
00000 01000 01100 01101 01110 10000 10100 10110 10111 11000 11001 11011 11100 11101 11110 11111
00000 01000 01100 01101 01110 10000 10100 10110 10111 11000 11001 11010 11100 11101 11110 11111
00000 01000 01100 01101 01110 10000 10100 10101 10111 11000 11010 11011 11100 11101 11110 11111
00000 01000 01100 01101 01110 10000 10100 10101 10111 11000 11001 11011 11100 11101 11110 11111
00000 01000 01100 01101 01110 10000 10100 10101 10111 11000 11001 11010 11100 11101 11110 11111
00000 01000 01100 01101 01110 10000 10100 10101 10110 11000 11010 11011 11100 11101 11110 11111
00000 01000 01100 01101 01110 10000 10100 10101 10110 11000 11001 11011 11100 11101 11110 11111
00000 01000 01100 01101 01110 10000 10100 10101 10110 11000 11001 11010 11100 11101 11110 11111
00000 01000 01100 01101 01110 10000 10010 10110 10111 11000 11010 11011 11100 11101 11110 11111
00000 01000 01100 01101 01110 10000 10010 10110 10111 11000 11001 11010 11100 11101 11110 11111
00000 01000 01100 01101 01110 10000 10010 10100 10110 10111 11000 11001 11100 11101 11110 11111
00000 01000 01100 01101 01110 10000 10010 10100 10101 11000 11010 11011 11100 11101 11110 11111
00000 01000 01100 01101 01110 10000 10010 10100 10101 11000 11001 11010 11100 11101 11110 11111
00000 01000 01100 01101 01110 10000 10010 10100 10101 10110 11000 11001 11100 11101 11110 11111
00000 01000 01100 01101 01110 10000 10010 10011 10111 11000 11010 11011 11100 11101 11110 11111
00000 01000 01100 01101 01110 10000 10010 10011 10110 11000 11010 11011 11100 11101 11110 11111
00000 01000 01100 01101 01110 10000 10010 10011 10110 10111 11000 11010 11100 11101 11110 11111
00000 01000 01100 01101 01110 10000 10010 10011 10100 11000 11010 11011 11100 11101 11110 11111
00000 01000 01100 01101 01110 10000 10010 10011 10100 10110 10111 11000 11100 11101 11110 11111
00000 01000 01100 01101 01110 10000 10001 10101 10111 11000 11001 11011 11100 11101 11110 11111
00000 01000 01100 01101 01110 10000 10001 10101 10111 11000 11001 11010 11100 11101 11110 11111
00000 01000 01100 01101 01110 10000 10001 10100 10110 11000 11001 11011 11100 11101 11110 11111
00000 01000 01100 01101 01110 10000 10001 10100 10110 11000 11001 11010 11100 11101 11110 11111
00000 01000 01100 01101 01110 10000 10001 10100 10101 10111 11000 11010 11100 11101 11110 11111
00000 01000 01100 01101 01110 10000 10001 10100 10101 10110 11000 11010 11100 11101 11110 11111
00000 01000 01100 01101 01110 10000 10001 10011 10111 11000 11001 11011 11100 11101 11110 11111
00000 01000 01100 01101 01110 10000 10001 10011 10101 11000 11001 11011 11100 11101 11110 11111
00000 01000 01100 01101 01110 10000 10001 10011 10101 10111 11000 11001 11100 11101 11110 11111
00000 01000 01100 01101 01110 10000 10001 10011 10100 11000 11001 11011 11100 11101 11110 11111
00000 01000 01100 01101 01110 10000 10001 10011 10100 10101 10111 11000 11100 11101 11110 11111
00000 01000 01100 01101 01110 10000 10001 10010 10110 11000 11001 11010 11100 11101 11110 11111
00000 01000 01100 01101 01110 10000 10001 10010 10101 11000 11001 11010 11100 11101 11110 11111
00000 01000 01100 01101 01110 10000 10001 10010 10100 11000 11001 11010 11100 11101 11110 11111
00000 01000 01100 01101 01110 10000 10001 10010 10100 10110 11000 11001 11100 11101 11110 11111
00000 01000 01100 01101 01110 10000 10001 10010 10100 10101 11000 11010 11100 11101 11110 11111
00000 01000 01100 01101 01110 10000 10001 10010 10100 10101 10110 11000 11100 11101 11110 11111
00000 01000 01100 01101 01110 01111 10000 10100 10110 10111 11000 11010 11011 11100 11110 11111
00000 01000 01100 01101 01110 01111 10000 10100 10101 10111 11000 11001 11011 11100 11101 11111
00000 01000 01100 01101 01110 01111 10000 10010 10110 10111 11000 11010 11011 11100 11110 11111
00000 01000 01100 01101 01110 01111 10000 10010 10011 10111 11000 11010 11011 11100 11110 11111
00000 01000 01100 01101 01110 01111 10000 10010 10011 10110 11000 11010 11011 11100 11110 11111
00000 01000 01100 01101 01110 01111 10000 10010 10011 10110 10111 11000 11010 11100 11110 11111
00000 01000 01100 01101 01110 01111 10000 10010 10011 10100 11000 11010 11011 11100 11110 11111
00000 01000 01100 01101 01110 01111 10000 10010 10011 10100 10110 10111 11000 11100 11110 11111
00000 01000 01100 01101 01110 01111 10000 10001 10101 10111 11000 11001 11011 11100 11101 11111
00000 01000 01100 01101 01110 01111 10000 10001 10011 10111 11000 11001 11011 11100 11101 11111
00000 01000 01100 01101 01110 01111 10000 10001 10011 10101 11000 11001 11011 11100 11101 11111
00000 01000 01100 01101 01110 01111 10000 10001 10011 10101 10111 11000 11001 11100 11101 11111
00000 01000 01100 01101 01110 01111 10000 10001 10011 10100 11000 11001 11011 11100 11101 11111
00000 01000 01100 01101 01110 01111 10000 10001 10011 10100 10101 10111 11000 11100 11101 11111
00000 01000 01010 01110 01111 10000 10100 10110 10111 11000 11010 11011 11100 11101 11110 11111
00000 01000 01010 01110 01111 10000 10100 10110 10111 11000 11001 11010 11100 11101 11110 11111
00000 01000 01010 01110 01111 10000 10100 10110 10111 11000 11001 11010 11011 11100 11110 11111
00000 01000 01010 01110 01111 10000 10100 10101 10111 11000 11010 11011 11100 11101 11110 11111
00000 01000 01010 01110 01111 10000 10100 10101 10111 11000 11001 11010 11100 11101 11110 11111
00000 01000 01010 01110 01111 10000 10100 10101 10110 11000 11010 11011 11100 11101 11110 11111
00000 01000 01010 01110 01111 10000 10100 10101 10110 11000 11001 11010 11100 11101 11110 11111
00000 01000 01010 01110 01111 10000 10100 10101 10110 10111 11000 11010 11011 11100 11110 11111
00000 01000 01010 01110 01111 10000 10010 10110 10111 11000 11010 11011 11100 11101 11110 11111
00000 01000 01010 01110 01111 10000 10010 10110 10111 11000 11001 11010 11100 11101 11110 11111
00000 01000 01010 01110 01111 10000 10010 10110 10111 11000 11001 11010 11011 11101 11110 11111
00000 01000 01010 01110 01111 10000 10010 10110 10111 11000 11001 11010 11011 11100 11110 11111
00000 01000 01010 01110 01111 10000 10010 10100 10110 10111 11000 11001 11010 11011 11110 11111
00000 01000 01010 01110 01111 10000 10010 10100 10101 11000 11010 11011 11100 11101 11110 11111
00000 01000 01010 01110 01111 10000 10010 10100 10101 11000 11001 11010 11100 11101 11110 11111
00000 01000 01010 01110 01111 10000 10010 10100 10101 10110 10111 11000 11010 11011 11110 11111
00000 01000 01010 01110 01111 10000 10010 10011 10111 11000 11010 11011 11100 11101 11110 11111
00000 01000 01010 01110 01111 10000 10010 10011 10111 11000 11001 11010 11011 11101 11110 11111
00000 01000 01010 01110 01111 10000 10010 10011 10111 11000 11001 11010 11011 11100 11110 11111
00000 01000 01010 01110 01111 10000 10010 10011 10110 11000 11010 11011 11100 11101 11110 11111
00000 01000 01010 01110 01111 10000 10010 10011 10110 11000 11001 11010 11011 11101 11110 11111
00000 01000 01010 01110 01111 10000 10010 10011 10110 11000 11001 11010 11011 11100 11110 11111
00000 01000 01010 01110 01111 10000 10010 10011 10110 10111 11000 11010 11100 11101 11110 11111
00000 01000 01010 01110 01111 10000 10010 10011 10100 11000 11010 11011 11100 11101 11110 11111
00000 01000 01010 01110 01111 10000 10010 10011 10100 11000 11001 11010 11011 11100 11110 11111
00000 01000 01010 01110 01111 10000 10010 10011 10100 10110 11000 11001 11010 11011 11110 11111
00000 01000 01010 01110 01111 10000 10010 10011 10100 10101 10110 10111 11000 11010 11110 11111
00000 01000 01010 01110 01111 10000 10001 10101 10111 11000 11001 11010 11100 11101 11110 11111
00000 01000 01010 01110 01111 10000 10001 10101 10111 11000 11001 11010 11011 11101 11110 11111
00000 01000 01010 01110 01111 10000 10001 10100 10110 11000 11001 11010 11100 11101 11110 11111
00000 01000 01010 01110 01111 10000 10001 10100 10110 11000 11001 11010 11011 11100 11110 11111
00000 01000 01010 01110 01111 10000 10001 10100 10101 10111 11000 11010 11100 11101 11110 11111
00000 01000 01010 01110 01111 10000 10001 10100 10101 10110 11000 11010 11100 11101 11110 11111
00000 01000 01010 01110 01111 10000 10001 10100 10101 10110 10111 11000 11010 11100 11110 11111
00000 01000 01010 01110 01111 10000 10001 10011 10111 11000 11001 11010 11011 11101 11110 11111
00000 01000 01010 01110 01111 10000 10001 10011 10111 11000 11001 11010 11011 11100 11110 11111
00000 01000 01010 01110 01111 10000 10001 10011 10101 11000 11001 11010 11011 11101 11110 11111
00000 01000 01010 01110 01111 10000 10001 10011 10101 10111 11000 11001 11010 11011 11110 11111
00000 01000 01010 01110 01111 10000 10001 10011 10100 11000 11001 11010 11011 11100 11110 11111
00000 01000 01010 01110 01111 10000 10001 10010 10110 11000 11001 11010 11100 11101 11110 11111
00000 01000 01010 01110 01111 10000 10001 10010 10110 11000 11001 11010 11011 11101 11110 11111
00000 01000 01010 01110 01111 10000 10001 10010 10110 11000 11001 11010 11011 11100 11110 11111
00000 01000 01010 01110 01111 10000 10001 10010 10101 11000 11001 11010 11100 11101 11110 11111
00000 01000 01010 01110 01111 10000 10001 10010 10101 11000 11001 11010 11011 11101 11110 11111
00000 01000 01010 01110 01111 10000 10001 10010 10100 11000 11001 11010 11100 11101 11110 11111
00000 01000 01010 01110 01111 10000 10001 10010 10100 11000 11001 11010 11011 11100 11110 11111
00000 01000 01010 01110 01111 10000 10001 10010 10100 10110 11000 11001 11010 11011 11110 11111
00000 01000 01010 01110 01111 10000 10001 10010 10100 10101 11000 11010 11100 11101 11110 11111
00000 01000 01010 01110 01111 10000 10001 10010 10100 10101 10110 10111 11000 11010 11110 11111
00000 01000 01010 01110 01111 10000 10001 10010 10011 10111 11000 11010 11011 11100 11110 11111
00000 01000 01010 01110 01111 10000 10001 10010 10011 10110 11000 11010 11011 11100 11110 11111
00000 01000 01010 01110 01111 10000 10001 10010 10011 10110 10111 11000 11010 11100 11110 11111
00000 01000 01010 01110 01111 10000 10001 10010 10011 10101 10111 11000 11010 11011 11110 11111
00000 01000 01010 01110 01111 10000 10001 10010 10011 10101 10110 10111 11000 11010 11110 11111
00000 01000 01010 01110 01111 10000 10001 10010 10011 10100 11000 11010 11011 11100 11110 11111
00000 01000 01010 01110 01111 10000 10001 10010 10011 10100 10110 11000 11010 11011 11110 11111
00000 01000 01010 01110 01111 10000 10001 10010 10011 10100 10110 10111 11000 11010 11110 11111
00000 01000 01010 01100 01110 01111 10000 10100 10110 10111 11000 11001 11100 11101 11110 11111
00000 01000 01010 01100 01110 01111 10000 10100 10101 10111 11000 11001 11100 11101 11110 11111
00000 01000 01010 01100 01110 01111 10000 10100 10101 10110 11000 11001 11100 11101 11110 11111
00000 01000 01010 01100 01110 01111 10000 10010 10110 10111 11000 11001 11010 11011 11110 11111
00000 01000 01010 01100 01110 01111 10000 10010 10011 10111 11000 11001 11010 11011 11110 11111
00000 01000 01010 01100 01110 01111 10000 10010 10011 10110 11000 11001 11010 11011 11110 11111
00000 01000 01010 01100 01110 01111 10000 10001 10101 10111 11000 11001 11100 11101 11110 11111
00000 01000 01010 01100 01110 01111 10000 10001 10100 10110 11000 11001 11100 11101 11110 11111
00000 01000 01010 01100 01110 01111 10000 10001 10100 10101 10111 11000 11100 11101 11110 11111
00000 01000 01010 01100 01110 01111 10000 10001 10100 10101 10110 11000 11100 11101 11110 11111
00000 01000 01010 01100 01110 01111 10000 10001 10100 10101 10110 10111 11000 11100 11110 11111
00000 01000 01010 01100 01110 01111 10000 10001 10011 10111 11000 11001 11010 11011 11110 11111
00000 01000 01010 01100 01110 01111 10000 10001 10010 10110 11000 11001 11010 11011 11110 11111
00000 01000 01010 01100 01110 01111 10000 10001 10010 10011 10111 11000 11010 11011 11110 11111
00000 01000 01010 01100 01110 01111 10000 10001 10010 10011 10110 11000 11010 11011 11110 11111
00000 01000 01010 01100 01110 01111 10000 10001 10010 10011 10110 10111 11000 11010 11110 11111
00000 01000 01010 01100 01101 10000 10100 10110 10111 11000 11010 11011 11100 11101 11110 11111
00000 01000 01010 01100 01101 10000 10100 10110 10111 11000 11001 11010 11100 11101 11110 11111
00000 01000 01010 01100 01101 10000 10100 10101 10111 11000 11010 11011 11100 11101 11110 11111
00000 01000 01010 01100 01101 10000 10100 10101 10111 11000 11001 11010 11100 11101 11110 11111
00000 01000 01010 01100 01101 10000 10100 10101 10111 11000 11001 11010 11011 11100 11101 11111
00000 01000 01010 01100 01101 10000 10100 10101 10110 11000 11010 11011 11100 11101 11110 11111
00000 01000 01010 01100 01101 10000 10100 10101 10110 11000 11001 11010 11100 11101 11110 11111
00000 01000 01010 01100 01101 10000 10010 10110 10111 11000 11010 11011 11100 11101 11110 11111
00000 01000 01010 01100 01101 10000 10010 10110 10111 11000 11001 11010 11100 11101 11110 11111
00000 01000 01010 01100 01101 10000 10010 10100 10101 11000 11010 11011 11100 11101 11110 11111
00000 01000 01010 01100 01101 10000 10010 10100 10101 11000 11001 11010 11100 11101 11110 11111
00000 01000 01010 01100 01101 10000 10010 10100 10101 11000 11001 11010 11011 11100 11101 11111
00000 01000 01010 01100 01101 10000 10010 10011 10111 11000 11010 11011 11100 11101 11110 11111
00000 01000 01010 01100 01101 10000 10010 10011 10111 11000 11001 11010 11011 11100 11101 11111
00000 01000 01010 01100 01101 10000 10010 10011 10110 11000 11010 11011 11100 11101 11110 11111
00000 01000 01010 01100 01101 10000 10010 10011 10110 10111 11000 11010 11100 11101 11110 11111
00000 01000 01010 01100 01101 10000 10010 10011 10100 11000 11010 11011 11100 11101 11110 11111
00000 01000 01010 01100 01101 10000 10010 10011 10100 11000 11001 11010 11011 11100 11101 11111
00000 01000 01010 01100 01101 10000 10001 10101 10111 11000 11001 11010 11100 11101 11110 11111
00000 01000 01010 01100 01101 10000 10001 10101 10111 11000 11001 11010 11011 11100 11101 11111
00000 01000 01010 01100 01101 10000 10001 10100 10110 11000 11001 11010 11100 11101 11110 11111
00000 01000 01010 01100 01101 10000 10001 10100 10101 10111 11000 11010 11100 11101 11110 11111
00000 01000 01010 01100 01101 10000 10001 10100 10101 10110 11000 11010 11100 11101 11110 11111
00000 01000 01010 01100 01101 10000 10001 10011 10111 11000 11001 11010 11011 11100 11101 11111
00000 01000 01010 01100 01101 10000 10001 10011 10101 11000 11001 11010 11011 11100 11101 11111
00000 01000 01010 01100 01101 10000 10001 10011 10100 11000 11001 11010 11011 11100 11101 11111
00000 01000 01010 01100 01101 10000 10001 10010 10110 11000 11001 11010 11100 11101 11110 11111
00000 01000 01010 01100 01101 10000 10001 10010 10101 11000 11001 11010 11100 11101 11110 11111
00000 01000 01010 01100 01101 10000 10001 10010 10101 11000 11001 11010 11011 11100 11101 11111
00000 01000 01010 01100 01101 10000 10001 10010 10100 11000 11001 11010 11100 11101 11110 11111
00000 01000 01010 01100 01101 10000 10001 10010 10100 11000 11001 11010 11011 11100 11101 11111
00000 01000 01010 01100 01101 10000 10001 10010 10100 10101 11000 11010 11100 11101 11110 11111
00000 01000 01010 01100 01101 01110 10000 10100 10110 10111 11000 11001 11100 11101 11110 11111
00000 01000 01010 01100 01101 01110 10000 10100 10101 10111 11000 11001 11100 11101 11110 11111
00000 01000 01010 01100 01101 01110 10000 10100 10101 10110 11000 11001 11100 11101 11110 11111
00000 01000 01010 01100 01101 01110 10000 10001 10101 10111 11000 11001 11100 11101 11110 11111
00000 01000 01010 01100 01101 01110 10000 10001 10100 10110 11000 11001 11100 11101 11110 11111
00000 01000 01010 01100 01101 01110 10000 10001 10100 10101 10111 11000 11100 11101 11110 11111
00000 01000 01010 01100 01101 01110 10000 10001 10100 10101 10110 11000 11100 11101 11110 11111
00000 01000 01010 01100 01101 01110 01111 10000 10100 10101 10111 11000 11001 11100 11101 11111
00000 01000 01010 01100 01101 01110 01111 10000 10010 10110 10111 11000 11010 11011 11110 11111
00000 01000 01010 01100 01101 01110 01111 10000 10010 10011 10111 11000 11010 11011 11110 11111
00000 01000 01010 01100 01101 01110 01111 10000 10010 10011 10110 11000 11010 11011 11110 11111
00000 01000 01010 01100 01101 01110 01111 10000 10010 10011 10110 10111 11000 11010 11110 11111
00000 01000 01010 01100 01101 01110 01111 10000 10001 10101 10111 11000 11001 11100 11101 11111
00000 01000 01010 01100 01101 01110 01111 10000 10001 10100 10101 10111 11000 11100 11101 11111
00000 01000 01010 01011 01111 10000 10100 10110 10111 11000 11010 11011 11100 11101 11110 11111
00000 01000 01010 01011 01111 10000 10100 10110 10111 11000 11001 11010 11011 11100 11110 11111
00000 01000 01010 01011 01111 10000 10100 10101 10111 11000 11010 11011 11100 11101 11110 11111
00000 01000 01010 01011 01111 10000 10100 10101 10111 11000 11001 11010 11011 11100 11101 11111
00000 01000 01010 01011 01111 10000 10100 10101 10110 11000 11010 11011 11100 11101 11110 11111
00000 01000 01010 01011 01111 10000 10100 10101 10110 10111 11000 11010 11011 11100 11110 11111
00000 01000 01010 01011 01111 10000 10010 10110 10111 11000 11010 11011 11100 11101 11110 11111
00000 01000 01010 01011 01111 10000 10010 10110 10111 11000 11001 11010 11011 11101 11110 11111
00000 01000 01010 01011 01111 10000 10010 10110 10111 11000 11001 11010 11011 11100 11110 11111
00000 01000 01010 01011 01111 10000 10010 10100 10110 10111 11000 11001 11010 11011 11110 11111
00000 01000 01010 01011 01111 10000 10010 10100 10101 11000 11010 11011 11100 11101 11110 11111
00000 01000 01010 01011 01111 10000 10010 10100 10101 11000 11001 11010 11011 11100 11101 11111
00000 01000 01010 01011 01111 10000 10010 10100 10101 10110 10111 11000 11010 11011 11110 11111
00000 01000 01010 01011 01111 10000 10010 10011 10111 11000 11010 11011 11100 11101 11110 11111
00000 01000 01010 01011 01111 10000 10010 10011 10111 11000 11001 11010 11011 11101 11110 11111
00000 01000 01010 01011 01111 10000 10010 10011 10111 11000 11001 11010 11011 11100 11110 11111
00000 01000 01010 01011 01111 10000 10010 10011 10111 11000 11001 11010 11011 11100 11101 11111
00000 01000 01010 01011 01111 10000 10010 10011 10110 11000 11010 11011 11100 11101 11110 11111
00000 01000 01010 01011 01111 10000 10010 10011 10110 11000 11001 11010 11011 11101 11110 11111
00000 01000 01010 01011 01111 10000 10010 10011 10110 11000 11001 11010 11011 11100 11110 11111
00000 01000 01010 01011 01111 10000 10010 10011 10110 10111 11000 11001 11010 11011 11101 11111
00000 01000 01010 01011 01111 10000 10010 10011 10100 11000 11010 11011 11100 11101 11110 11111
00000 01000 01010 01011 01111 10000 10010 10011 10100 11000 11001 11010 11011 11100 11110 11111
00000 01000 01010 01011 01111 10000 10010 10011 10100 11000 11001 11010 11011 11100 11101 11111
00000 01000 01010 01011 01111 10000 10010 10011 10100 10110 11000 11001 11010 11011 11110 11111
00000 01000 01010 01011 01111 10000 10010 10011 10100 10110 10111 11000 11001 11010 11011 11111
00000 01000 01010 01011 01111 10000 10010 10011 10100 10101 10110 10111 11000 11010 11011 11111
00000 01000 01010 01011 01111 10000 10001 10101 10111 11000 11001 11010 11011 11101 11110 11111
00000 01000 01010 01011 01111 10000 10001 10101 10111 11000 11001 11010 11011 11100 11101 11111
00000 01000 01010 01011 01111 10000 10001 10100 10110 11000 11001 11010 11011 11100 11110 11111
00000 01000 01010 01011 01111 10000 10001 10100 10101 10111 11000 11001 11010 11011 11101 11111
00000 01000 01010 01011 01111 10000 10001 10011 10111 11000 11001 11010 11011 11101 11110 11111
00000 01000 01010 01011 01111 10000 10001 10011 10111 11000 11001 11010 11011 11100 11110 11111
00000 01000 01010 01011 01111 10000 10001 10011 10111 11000 11001 11010 11011 11100 11101 11111
00000 01000 01010 01011 01111 10000 10001 10011 10101 11000 11001 11010 11011 11101 11110 11111
00000 01000 01010 01011 01111 10000 10001 10011 10101 11000 11001 11010 11011 11100 11101 11111
00000 01000 01010 01011 01111 10000 10001 10011 10101 10111 11000 11001 11010 11011 11110 11111
00000 01000 01010 01011 01111 10000 10001 10011 10100 11000 11001 11010 11011 11100 11110 11111
00000 01000 01010 01011 01111 10000 10001 10011 10100 11000 11001 11010 11011 11100 11101 11111
00000 01000 01010 01011 01111 10000 10001 10011 10100 10101 11000 11001 11010 11011 11101 11111
00000 01000 01010 01011 01111 10000 10001 10011 10100 10101 10111 11000 11001 11010 11011 11111
00000 01000 01010 01011 01111 10000 10001 10010 10110 11000 11001 11010 11011 11101 11110 11111
00000 01000 01010 01011 01111 10000 10001 10010 10110 11000 11001 11010 11011 11100 11110 11111
00000 01000 01010 01011 01111 10000 10001 10010 10101 11000 11001 11010 11011 11101 11110 11111
00000 01000 01010 01011 01111 10000 10001 10010 10101 11000 11001 11010 11011 11100 11101 11111
00000 01000 01010 01011 01111 10000 10001 10010 10100 11000 11001 11010 11011 11100 11110 11111
00000 01000 01010 01011 01111 10000 10001 10010 10100 11000 11001 11010 11011 11100 11101 11111
00000 01000 01010 01011 01111 10000 10001 10010 10100 10110 11000 11001 11010 11011 11110 11111
00000 01000 01010 01011 01111 10000 10001 10010 10100 10101 11000 11001 11010 11011 11101 11111
00000 01000 01010 01011 01111 10000 10001 10010 10011 10111 11000 11010 11011 11100 11110 11111
00000 01000 01010 01011 01111 10000 10001 10010 10011 10110 11000 11010 11011 11100 11110 11111
00000 01000 01010 01011 01111 10000 10001 10010 10011 10101 10111 11000 11010 11011 11110 11111
00000 01000 01010 01011 01111 10000 10001 10010 10011 10101 10110 10111 11000 11010 11011 11111
00000 01000 01010 01011 01111 10000 10001 10010 10011 10100 11000 11010 11011 11100 11110 11111
00000 01000 01010 01011 01111 10000 10001 10010 10011 10100 10110 11000 11010 11011 11110 11111
00000 01000 01010 01011 01111 10000 10001 10010 10011 10100 10110 10111 11000 11010 11011 11111
00000 01000 01010 01011 01111 10000 10001 10010 10011 10100 10101 10111 11000 11010 11011 11111
00000 01000 01010 01011 01110 10000 10100 10110 10111 11000 11010 11011 11100 11101 11110 11111
00000 01000 01010 01011 01110 10000 10100 10110 10111 11000 11001 11010 11011 11100 11110 11111
00000 01000 01010 01011 01110 10000 10100 10101 10111 11000 11010 11011 11100 11101 11110 11111
00000 01000 01010 01011 01110 10000 10100 10101 10110 11000 11010 11011 11100 11101 11110 11111
00000 01000 01010 01011 01110 10000 10100 10101 10110 10111 11000 11010 11011 11100 11110 11111
00000 01000 01010 01011 01110 10000 10010 10110 10111 11000 11010 11011 11100 11101 11110 11111
00000 01000 01010 01011 01110 10000 10010 10110 10111 11000 11001 11010 11011 11101 11110 11111
00000 01000 01010 01011 01110 10000 10010 10110 10111 11000 11001 11010 11011 11100 11110 11111
00000 01000 01010 01011 01110 10000 10010 10100 10110 10111 11000 11001 11010 11011 11110 11111
00000 01000 01010 01011 01110 10000 10010 10100 10101 11000 11010 11011 11100 11101 11110 11111
00000 01000 01010 01011 01110 10000 10010 10100 10101 10110 10111 11000 11010 11011 11110 11111
00000 01000 01010 01011 01110 10000 10010 10011 10111 11000 11010 11011 11100 11101 11110 11111
00000 01000 01010 01011 01110 10000 10010 10011 10111 11000 11001 11010 11011 11101 11110 11111
00000 01000 01010 01011 01110 10000 10010 10011 10111 11000 11001 11010 11011 11100 11110 11111
00000 01000 01010 01011 01110 10000 10010 10011 10110 11000 11010 11011 11100 11101 11110 11111
00000 01000 01010 01011 01110 10000 10010 10011 10110 11000 11001 11010 11011 11101 11110 11111
00000 01000 01010 01011 01110 10000 10010 10011 10110 11000 11001 11010 11011 11100 11110 11111
00000 01000 01010 01011 01110 10000 10010 10011 10100 11000 11010 11011 11100 11101 11110 11111
00000 01000 01010 01011 01110 10000 10010 10011 10100 11000 11001 11010 11011 11100 11110 11111
00000 01000 01010 01011 01110 10000 10010 10011 10100 10110 11000 11001 11010 11011 11110 11111
00000 01000 01010 01011 01110 10000 10001 10101 10111 11000 11001 11010 11011 11101 11110 11111
00000 01000 01010 01011 01110 10000 10001 10100 10110 11000 11001 11010 11011 11100 11110 11111
00000 01000 01010 01011 01110 10000 10001 10011 10111 11000 11001 11010 11011 11101 11110 11111
00000 01000 01010 01011 01110 10000 10001 10011 10111 11000 11001 11010 11011 11100 11110 11111
00000 01000 01010 01011 01110 10000 10001 10011 10101 11000 11001 11010 11011 11101 11110 11111
00000 01000 01010 01011 01110 10000 10001 10011 10101 10111 11000 11001 11010 11011 11110 11111
00000 01000 01010 01011 01110 10000 10001 10011 10100 11000 11001 11010 11011 11100 11110 11111
00000 01000 01010 01011 01110 10000 10001 10010 10110 11000 11001 11010 11011 11101 11110 11111
00000 01000 01010 01011 01110 10000 10001 10010 10110 11000 11001 11010 11011 11100 11110 11111
00000 01000 01010 01011 01110 10000 10001 10010 10101 11000 11001 11010 11011 11101 11110 11111
00000 01000 01010 01011 01110 10000 10001 10010 10100 11000 11001 11010 11011 11100 11110 11111
00000 01000 01010 01011 01110 10000 10001 10010 10100 10110 11000 11001 11010 11011 11110 11111
00000 01000 01010 01011 01110 10000 10001 10010 10011 10111 11000 11010 11011 11100 11110 11111
00000 01000 01010 01011 01110 10000 10001 10010 10011 10110 11000 11010 11011 11100 11110 11111
00000 01000 01010 01011 01110 10000 10001 10010 10011 10101 10111 11000 11010 11011 11110 11111
00000 01000 01010 01011 01110 10000 10001 10010 10011 10100 11000 11010 11011 11100 11110 11111
00000 01000 01010 01011 01110 10000 10001 10010 10011 10100 10110 11000 11010 11011 11110 11111
00000 01000 01010 01011 01110 01111 10000 10100 10110 10111 11000 11010 11100 11101 11110 11111
00000 01000 01010 01011 01110 01111 10000 10100 10101 10111 11000 11010 11100 11101 11110 11111
00000 01000 01010 01011 01110 01111 10000 10100 10101 10110 11000 11010 11100 11101 11110 11111
00000 01000 01010 01011 01110 01111 10000 10100 10101 10110 10111 11000 11010 11100 11110 11111
00000 01000 01010 01011 01110 01111 10000 10010 10110 10111 11000 11010 11100 11101 11110 11111
00000 01000 01010 01011 01110 01111 10000 10010 10100 10101 11000 11010 11100 11101 11110 11111
00000 01000 01010 01011 01110 01111 10000 10010 10100 10101 10110 10111 11000 11010 11110 11111
00000 01000 01010 01011 01110 01111 10000 10010 10011 10111 11000 11001 11010 11011 11101 11111
00000 01000 01010 01011 01110 01111 10000 10001 10101 10111 11000 11001 11010 11011 11101 11111
00000 01000 01010 01011 01110 01111 10000 10001 10011 10111 11000 11001 11010 11011 11101 11111
00000 01000 01010 01011 01110 01111 10000 10001 10011 10101 11000 11001 11010 11011 11101 11111
00000 01000 01010 01011 01110 01111 10000 10001 10011 10101 10111 11000 11001 11010 11011 11111
00000 01000 01010 01011 01110 01111 10000 10001 10010 10101 11000 11001 11010 11011 11101 11111
00000 01000 01010 01011 01110 01111 10000 10001 10010 10011 10101 10111 11000 11010 11011 11111
00000 01000 01010 01011 01100 10000 10100 10110 10111 11000 11010 11011 11100 11101 11110 11111
00000 01000 01010 01011 01100 10000 10100 10110 10111 11000 11001 11010 11011 11100 11110 11111
00000 01000 01010 01011 01100 10000 10100 10101 10111 11000 11010 11011 11100 11101 11110 11111
00000 01000 01010 01011 01100 10000 10100 10101 10111 11000 11001 11010 11011 11100 11101 11111
00000 01000 01010 01011 01100 10000 10100 10101 10110 11000 11010 11011 11100 11101 11110 11111
00000 01000 01010 01011 01100 10000 10100 10101 10110 10111 11000 11010 11011 11100 11110 11111
00000 01000 01010 01011 01100 10000 10010 10110 10111 11000 11010 11011 11100 11101 11110 11111
00000 01000 01010 01011 01100 10000 10010 10110 10111 11000 11001 11010 11011 11100 11110 11111
00000 01000 01010 01011 01100 10000 10010 10100 10101 11000 11010 11011 11100 11101 11110 11111
00000 01000 01010 01011 01100 10000 10010 10100 10101 11000 11001 11010 11011 11100 11101 11111
00000 01000 01010 01011 01100 10000 10010 10011 10111 11000 11010 11011 11100 11101 11110 11111
00000 01000 01010 01011 01100 10000 10010 10011 10111 11000 11001 11010 11011 11100 11110 11111
00000 01000 01010 01011 01100 10000 10010 10011 10111 11000 11001 11010 11011 11100 11101 11111
00000 01000 01010 01011 01100 10000 10010 10011 10110 11000 11010 11011 11100 11101 11110 11111
00000 01000 01010 01011 01100 10000 10010 10011 10110 11000 11001 11010 11011 11100 11110 11111
00000 01000 01010 01011 01100 10000 10010 10011 10100 11000 11010 11011 11100 11101 11110 11111
00000 01000 01010 01011 01100 10000 10010 10011 10100 11000 11001 11010 11011 11100 11110 11111
00000 01000 01010 01011 01100 10000 10010 10011 10100 11000 11001 11010 11011 11100 11101 11111
00000 01000 01010 01011 01100 10000 10001 10101 10111 11000 11001 11010 11011 11100 11101 11111
00000 01000 01010 01011 01100 10000 10001 10100 10110 11000 11001 11010 11011 11100 11110 11111
00000 01000 01010 01011 01100 10000 10001 10011 10111 11000 11001 11010 11011 11100 11110 11111
00000 01000 01010 01011 01100 10000 10001 10011 10111 11000 11001 11010 11011 11100 11101 11111
00000 01000 01010 01011 01100 10000 10001 10011 10101 11000 11001 11010 11011 11100 11101 11111
00000 01000 01010 01011 01100 10000 10001 10011 10100 11000 11001 11010 11011 11100 11110 11111
00000 01000 01010 01011 01100 10000 10001 10011 10100 11000 11001 11010 11011 11100 11101 11111
00000 01000 01010 01011 01100 10000 10001 10010 10110 11000 11001 11010 11011 11100 11110 11111
00000 01000 01010 01011 01100 10000 10001 10010 10101 11000 11001 11010 11011 11100 11101 11111
00000 01000 01010 01011 01100 10000 10001 10010 10100 11000 11001 11010 11011 11100 11110 11111
00000 01000 01010 01011 01100 10000 10001 10010 10100 11000 11001 11010 11011 11100 11101 11111
00000 01000 01010 01011 01100 10000 10001 10010 10011 10111 11000 11010 11011 11100 11110 11111
00000 01000 01010 01011 01100 10000 10001 10010 10011 10110 11000 11010 11011 11100 11110 11111
00000 01000 01010 01011 01100 10000 10001 10010 10011 10100 11000 11010 11011 11100 11110 11111
00000 01000 01010 01011 01100 01110 10000 10010 10110 10111 11000 11001 11010 11011 11110 11111
00000 01000 01010 01011 01100 01110 10000 10010 10011 10111 11000 11001 11010 11011 11110 11111
00000 01000 01010 01011 01100 01110 10000 10010 10011 10110 11000 11001 11010 11011 11110 11111
00000 01000 01010 01011 01100 01110 10000 10001 10011 10111 11000 11001 11010 11011 11110 11111
00000 01000 01010 01011 01100 01110 10000 10001 10010 10110 11000 11001 11010 11011 11110 11111
00000 01000 01010 01011 01100 01110 10000 10001 10010 10011 10111 11000 11010 11011 11110 11111
00000 01000 01010 01011 01100 01110 10000 10001 10010 10011 10110 11000 11010 11011 11110 11111
00000 01000 01010 01011 01100 01110 01111 10000 10100 10110 10111 11000 11100 11101 11110 11111
00000 01000 01010 01011 01100 01110 01111 10000 10100 10101 10111 11000 11100 11101 11110 11111
00000 01000 01010 01011 01100 01110 01111 10000 10100 10101 10110 11000 11100 11101 11110 11111
00000 01000 01010 01011 01100 01110 01111 10000 10100 10101 10110 10111 11000 11100 11110 11111
00000 01000 01010 01011 01100 01110 01111 10000 10010 10011 10111 11000 11001 11010 11011 11111
00000 01000 01010 01011 01100 01110 01111 10000 10001 10011 10111 11000 11001 11010 11011 11111
00000 01000 01010 01011 01100 01110 01111 10000 10001 10010 10011 10111 11000 11010 11011 11111
00000 01000 01010 01011 01100 01101 01110 01111 10000 10100 10110 10111 11000 11100 11110 11111
00000 01000 01010 01011 01100 01101 01110 01111 10000 10100 10101 10111 11000 11100 11101 11111
00000 01000 01010 01011 01100 01101 01110 01111 10000 10010 10110 10111 11000 11010 11110 11111
00000 01000 01010 01011 01100 01101 01110 01111 10000 10010 10011 10111 11000 11010 11011 11111
00000 01000 01001 01101 01111 10000 10100 10110 10111 11000 11001 11011 11100 11101 11110 11111
00000 01000 01001 01101 01111 10000 10100 10110 10111 11000 11001 11010 11100 11101 11110 11111
00000 01000 01001 01101 01111 10000 10100 10101 10111 11000 11001 11011 11100 11101 11110 11111
00000 01000 01001 01101 01111 10000 10100 10101 10111 11000 11001 11010 11100 11101 11110 11111
00000 01000 01001 01101 01111 10000 10100 10101 10111 11000 11001 11010 11011 11100 11101 11111
00000 01000 01001 01101 01111 10000 10100 10101 10110 11000 11001 11011 11100 11101 11110 11111
00000 01000 01001 01101 01111 10000 10100 10101 10110 11000 11001 11010 11100 11101 11110 11111
00000 01000 01001 01101 01111 10000 10100 10101 10110 10111 11000 11001 11011 11100 11101 11111
00000 01000 01001 01101 01111 10000 10010 10110 10111 11000 11001 11010 11100 11101 11110 11111
00000 01000 01001 01101 01111 10000 10010 10110 10111 11000 11001 11010 11011 11101 11110 11111
00000 01000 01001 01101 01111 10000 10010 10100 10110 10111 11000 11001 11100 11101 11110 11111
00000 01000 01001 01101 01111 10000 10010 10100 10101 11000 11001 11010 11100 11101 11110 11111
00000 01000 01001 01101 01111 10000 10010 10100 10101 11000 11001 11010 11011 11100 11101 11111
00000 01000 01001 01101 01111 10000 10010 10100 10101 10110 11000 11001 11100 11101 11110 11111
00000 01000 01001 01101 01111 10000 10010 10100 10101 10110 10111 11000 11001 11100 11101 11111
00000 01000 01001 01101 01111 10000 10010 10011 10111 11000 11001 11010 11011 11101 11110 11111
00000 01000 01001 01101 01111 10000 10010 10011 10111 11000 11001 11010 11011 11100 11101 11111
00000 01000 01001 01101 01111 10000 10010 10011 10110 11000 11001 11010 11011 11101 11110 11111
00000 01000 01001 01101 01111 10000 10010 10011 10110 10111 11000 11001 11010 11011 11101 11111
00000 01000 01001 01101 01111 10000 10010 10011 10100 11000 11001 11010 11011 11100 11101 11111
00000 01000 01001 01101 01111 10000 10001 10101 10111 11000 11001 11011 11100 11101 11110 11111
00000 01000 01001 01101 01111 10000 10001 10101 10111 11000 11001 11010 11100 11101 11110 11111
00000 01000 01001 01101 01111 10000 10001 10101 10111 11000 11001 11010 11011 11101 11110 11111
00000 01000 01001 01101 01111 10000 10001 10101 10111 11000 11001 11010 11011 11100 11101 11111
00000 01000 01001 01101 01111 10000 10001 10100 10110 11000 11001 11011 11100 11101 11110 11111
00000 01000 01001 01101 01111 10000 10001 10100 10110 11000 11001 11010 11100 11101 11110 11111
00000 01000 01001 01101 01111 10000 10001 10100 10101 10111 11000 11001 11010 11011 11101 11111
00000 01000 01001 01101 01111 10000 10001 10100 10101 10110 10111 11000 11001 11011 11101 11111
00000 01000 01001 01101 01111 10000 10001 10011 10111 11000 11001 11011 11100 11101 11110 11111
00000 01000 01001 01101 01111 10000 10001 10011 10111 11000 11001 11010 11011 11101 11110 11111
00000 01000 01001 01101 01111 10000 10001 10011 10111 11000 11001 11010 11011 11100 11101 11111
00000 01000 01001 01101 01111 10000 10001 10011 10101 11000 11001 11011 11100 11101 11110 11111
00000 01000 01001 01101 01111 10000 10001 10011 10101 11000 11001 11010 11011 11101 11110 11111
00000 01000 01001 01101 01111 10000 10001 10011 10101 11000 11001 11010 11011 11100 11101 11111
00000 01000 01001 01101 01111 10000 10001 10011 10101 10111 11000 11001 11100 11101 11110 11111
00000 01000 01001 01101 01111 10000 10001 10011 10100 11000 11001 11011 11100 11101 11110 11111
00000 01000 01001 01101 01111 10000 10001 10011 10100 11000 11001 11010 11011 11100 11101 11111
00000 01000 01001 01101 01111 10000 10001 10011 10100 10101 11000 11001 11010 11011 11101 11111
00000 01000 01001 01101 01111 10000 10001 10011 10100 10101 10110 10111 11000 11001 11101 11111
00000 01000 01001 01101 01111 10000 10001 10010 10110 11000 11001 11010 11100 11101 11110 11111
00000 01000 01001 01101 01111 10000 10001 10010 10110 11000 11001 11010 11011 11101 11110 11111
00000 01000 01001 01101 01111 10000 10001 10010 10101 11000 11001 11010 11100 11101 11110 11111
00000 01000 01001 01101 01111 10000 10001 10010 10101 11000 11001 11010 11011 11101 11110 11111
00000 01000 01001 01101 01111 10000 10001 10010 10101 11000 11001 11010 11011 11100 11101 11111
00000 01000 01001 01101 01111 10000 10001 10010 10100 11000 11001 11010 11100 11101 11110 11111
00000 01000 01001 01101 01111 10000 10001 10010 10100 11000 11001 11010 11011 11100 11101 11111
00000 01000 01001 01101 01111 10000 10001 10010 10100 10110 11000 11001 11100 11101 11110 11111
00000 01000 01001 01101 01111 10000 10001 10010 10100 10101 11000 11001 11010 11011 11101 11111
00000 01000 01001 01101 01111 10000 10001 10010 10100 10101 10110 10111 11000 11001 11101 11111
00000 01000 01001 01101 01111 10000 10001 10010 10011 10111 11000 11001 11011 11100 11101 11111
00000 01000 01001 01101 01111 10000 10001 10010 10011 10110 10111 11000 11001 11011 11101 11111
00000 01000 01001 01101 01111 10000 10001 10010 10011 10101 11000 11001 11011 11100 11101 11111
00000 01000 01001 01101 01111 10000 10001 10010 10011 10101 10111 11000 11001 11100 11101 11111
00000 01000 01001 01101 01111 10000 10001 10010 10011 10101 10110 10111 11000 11001 11101 11111
00000 01000 01001 01101 01111 10000 10001 10010 10011 10100 11000 11001 11011 11100 11101 11111
00000 01000 01001 01101 01111 10000 10001 10010 10011 10100 10101 11000 11001 11011 11101 11111
00000 01000 01001 01101 01111 10000 10001 10010 10011 10100 10101 10111 11000 11001 11101 11111
00000 01000 01001 01100 01110 10000 10100 10110 10111 11000 11001 11011 11100 11101 11110 11111
00000 01000 01001 01100 01110 10000 10100 10110 10111 11000 11001 11010 11100 11101 11110 11111
00000 01000 01001 01100 01110 10000 10100 10110 10111 11000 11001 11010 11011 11100 11110 11111
00000 01000 01001 01100 01110 10000 10100 10101 10111 11000 11001 11011 11100 11101 11110 11111
00000 01000 01001 01100 01110 10000 10100 10101 10111 11000 11001 11010 11100 11101 11110 11111
00000 01000 01001 01100 01110 10000 10100 10101 10110 11000 11001 11011 11100 11101 11110 11111
00000 01000 01001 01100 01110 10000 10100 10101 10110 11000 11001 11010 11100 11101 11110 11111
00000 01000 01001 01100 01110 10000 10010 10110 10111 11000 11001 11010 11100 11101 11110 11111
00000 01000 01001 01100 01110 10000 10010 10110 10111 11000 11001 11010 11011 11100 11110 11111
00000 01000 01001 01100 01110 10000 10010 10100 10110 10111 11000 11001 11100 11101 11110 11111
00000 01000 01001 01100 01110 10000 10010 10100 10101 11000 11001 11010 11100 11101 11110 11111
00000 01000 01001 01100 01110 10000 10010 10100 10101 10110 11000 11001 11100 11101 11110 11111
00000 01000 01001 01100 01110 10000 10010 10011 10111 11000 11001 11010 11011 11100 11110 11111
00000 01000 01001 01100 01110 10000 10010 10011 10110 11000 11001 11010 11011 11100 11110 11111
00000 01000 01001 01100 01110 10000 10010 10011 10100 11000 11001 11010 11011 11100 11110 11111
00000 01000 01001 01100 01110 10000 10001 10101 10111 11000 11001 11011 11100 11101 11110 11111
00000 01000 01001 01100 01110 10000 10001 10101 10111 11000 11001 11010 11100 11101 11110 11111
00000 01000 01001 01100 01110 10000 10001 10100 10110 11000 11001 11011 11100 11101 11110 11111
00000 01000 01001 01100 01110 10000 10001 10100 10110 11000 11001 11010 11100 11101 11110 11111
00000 01000 01001 01100 01110 10000 10001 10100 10110 11000 11001 11010 11011 11100 11110 11111
00000 01000 01001 01100 01110 10000 10001 10011 10111 11000 11001 11011 11100 11101 11110 11111
00000 01000 01001 01100 01110 10000 10001 10011 10111 11000 11001 11010 11011 11100 11110 11111
00000 01000 01001 01100 01110 10000 10001 10011 10101 11000 11001 11011 11100 11101 11110 11111
00000 01000 01001 01100 01110 10000 10001 10011 10101 10111 11000 11001 11100 11101 11110 11111
00000 01000 01001 01100 01110 10000 10001 10011 10100 11000 11001 11011 11100 11101 11110 11111
00000 01000 01001 01100 01110 10000 10001 10011 10100 11000 11001 11010 11011 11100 11110 11111
00000 01000 01001 01100 01110 10000 10001 10010 10110 11000 11001 11010 11100 11101 11110 11111
00000 01000 01001 01100 01110 10000 10001 10010 10110 11000 11001 11010 11011 11100 11110 11111
00000 01000 01001 01100 01110 10000 10001 10010 10101 11000 11001 11010 11100 11101 11110 11111
00000 01000 01001 01100 01110 10000 10001 10010 10100 11000 11001 11010 11100 11101 11110 11111
00000 01000 01001 01100 01110 10000 10001 10010 10100 11000 11001 11010 11011 11100 11110 11111
00000 01000 01001 01100 01110 10000 10001 10010 10100 10110 11000 11001 11100 11101 11110 11111
00000 01000 01001 01100 01101 01111 10000 10100 10110 10111 11000 11010 11100 11101 11110 11111
00000 01000 01001 01100 01101 01111 10000 10100 10101 10111 11000 11010 11100 11101 11110 11111
00000 01000 01001 01100 01101 01111 10000 10100 10101 10110 11000 11010 11100 11101 11110 11111
00000 01000 01001 01100 01101 01111 10000 10010 10110 10111 11000 11010 11100 11101 11110 11111
00000 01000 01001 01100 01101 01111 10000 10010 10100 10110 10111 11000 11100 11101 11110 11111
00000 01000 01001 01100 01101 01111 10000 10010 10100 10101 11000 11010 11100 11101 11110 11111
00000 01000 01001 01100 01101 01111 10000 10010 10100 10101 10110 11000 11100 11101 11110 11111
00000 01000 01001 01100 01101 01111 10000 10010 10100 10101 10110 10111 11000 11100 11101 11111
00000 01000 01001 01100 01101 01111 10000 10010 10011 10111 11000 11001 11010 11011 11101 11111
00000 01000 01001 01100 01101 01111 10000 10001 10101 10111 11000 11001 11010 11011 11101 11111
00000 01000 01001 01100 01101 01111 10000 10001 10011 10111 11000 11001 11010 11011 11101 11111
00000 01000 01001 01100 01101 01111 10000 10001 10011 10101 11000 11001 11010 11011 11101 11111
00000 01000 01001 01100 01101 01111 10000 10001 10010 10101 11000 11001 11010 11011 11101 11111
00000 01000 01001 01100 01101 01111 10000 10001 10010 10011 10111 11000 11001 11011 11101 11111
00000 01000 01001 01100 01101 01111 10000 10001 10010 10011 10101 11000 11001 11011 11101 11111
00000 01000 01001 01100 01101 01111 10000 10001 10010 10011 10101 10111 11000 11001 11101 11111
00000 01000 01001 01100 01101 01110 10000 10100 10110 10111 11000 11010 11100 11101 11110 11111
00000 01000 01001 01100 01101 01110 10000 10100 10101 10111 11000 11010 11100 11101 11110 11111
00000 01000 01001 01100 01101 01110 10000 10100 10101 10110 11000 11010 11100 11101 11110 11111
00000 01000 01001 01100 01101 01110 10000 10010 10110 10111 11000 11010 11100 11101 11110 11111
00000 01000 01001 01100 01101 01110 10000 10010 10100 10110 10111 11000 11100 11101 11110 11111
00000 01000 01001 01100 01101 01110 10000 10010 10100 10101 11000 11010 11100 11101 11110 11111
00000 01000 01001 01100 01101 01110 10000 10010 10100 10101 10110 11000 11100 11101 11110 11111
00000 01000 01001 01100 01101 01110 01111 10000 10100 10110 10111 11000 11010 11100 11110 11111
00000 01000 01001 01100 01101 01110 01111 10000 10010 10110 10111 11000 11010 11100 11110 11111
00000 01000 01001 01100 01101 01110 01111 10000 10010 10100 10110 10111 11000 11100 11110 11111
00000 01000 01001 01100 01101 01110 01111 10000 10001 10101 10111 11000 11001 11011 11101 11111
00000 01000 01001 01100 01101 01110 01111 10000 10001 10011 10111 11000 11001 11011 11101 11111
00000 01000 01001 01100 01101 01110 01111 10000 10001 10011 10101 11000 11001 11011 11101 11111
00000 01000 01001 01100 01101 01110 01111 10000 10001 10011 10101 10111 11000 11001 11101 11111
00000 01000 01001 01011 01111 10000 10100 10110 10111 11000 11001 11011 11100 11101 11110 11111
00000 01000 01001 01011 01111 10000 10100 10110 10111 11000 11001 11010 11011 11100 11110 11111
00000 01000 01001 01011 01111 10000 10100 10101 10111 11000 11001 11011 11100 11101 11110 11111
00000 01000 01001 01011 01111 10000 10100 10101 10111 11000 11001 11010 11011 11100 11101 11111
00000 01000 01001 01011 01111 10000 10100 10101 10110 11000 11001 11011 11100 11101 11110 11111
00000 01000 01001 01011 01111 10000 10100 10101 10110 10111 11000 11001 11011 11100 11101 11111
00000 01000 01001 01011 01111 10000 10010 10110 10111 11000 11001 11010 11011 11101 11110 11111
00000 01000 01001 01011 01111 10000 10010 10110 10111 11000 11001 11010 11011 11100 11110 11111
00000 01000 01001 01011 01111 10000 10010 10100 10110 10111 11000 11001 11010 11011 11110 11111
00000 01000 01001 01011 01111 10000 10010 10100 10101 11000 11001 11010 11011 11100 11101 11111
00000 01000 01001 01011 01111 10000 10010 10011 10111 11000 11001 11010 11011 11101 11110 11111
00000 01000 01001 01011 01111 10000 10010 10011 10111 11000 11001 11010 11011 11100 11110 11111
00000 01000 01001 01011 01111 10000 10010 10011 10111 11000 11001 11010 11011 11100 11101 11111
00000 01000 01001 01011 01111 10000 10010 10011 10110 11000 11001 11010 11011 11101 11110 11111
00000 01000 01001 01011 01111 10000 10010 10011 10110 11000 11001 11010 11011 11100 11110 11111
00000 01000 01001 01011 01111 10000 10010 10011 10110 10111 11000 11001 11010 11011 11101 11111
00000 01000 01001 01011 01111 10000 10010 10011 10100 11000 11001 11010 11011 11100 11110 11111
00000 01000 01001 01011 01111 10000 10010 10011 10100 11000 11001 11010 11011 11100 11101 11111
00000 01000 01001 01011 01111 10000 10010 10011 10100 10110 11000 11001 11010 11011 11110 11111
00000 01000 01001 01011 01111 10000 10010 10011 10100 10110 10111 11000 11001 11010 11011 11111
00000 01000 01001 01011 01111 10000 10001 10101 10111 11000 11001 11011 11100 11101 11110 11111
00000 01000 01001 01011 01111 10000 10001 10101 10111 11000 11001 11010 11011 11101 11110 11111
00000 01000 01001 01011 01111 10000 10001 10101 10111 11000 11001 11010 11011 11100 11101 11111
00000 01000 01001 01011 01111 10000 10001 10100 10110 11000 11001 11011 11100 11101 11110 11111
00000 01000 01001 01011 01111 10000 10001 10100 10110 11000 11001 11010 11011 11100 11110 11111
00000 01000 01001 01011 01111 10000 10001 10100 10101 10111 11000 11001 11010 11011 11101 11111
00000 01000 01001 01011 01111 10000 10001 10100 10101 10110 10111 11000 11001 11011 11101 11111
00000 01000 01001 01011 01111 10000 10001 10011 10111 11000 11001 11011 11100 11101 11110 11111
00000 01000 01001 01011 01111 10000 10001 10011 10111 11000 11001 11010 11011 11101 11110 11111
00000 01000 01001 01011 01111 10000 10001 10011 10111 11000 11001 11010 11011 11100 11110 11111
00000 01000 01001 01011 01111 10000 10001 10011 10111 11000 11001 11010 11011 11100 11101 11111
00000 01000 01001 01011 01111 10000 10001 10011 10101 11000 11001 11011 11100 11101 11110 11111
00000 01000 01001 01011 01111 10000 10001 10011 10101 11000 11001 11010 11011 11101 11110 11111
00000 01000 01001 01011 01111 10000 10001 10011 10101 11000 11001 11010 11011 11100 11101 11111
00000 01000 01001 01011 01111 10000 10001 10011 10101 10111 11000 11001 11010 11011 11110 11111
00000 01000 01001 01011 01111 10000 10001 10011 10100 11000 11001 11011 11100 11101 11110 11111
00000 01000 01001 01011 01111 10000 10001 10011 10100 11000 11001 11010 11011 11100 11110 11111
00000 01000 01001 01011 01111 10000 10001 10011 10100 11000 11001 11010 11011 11100 11101 11111
00000 01000 01001 01011 01111 10000 10001 10011 10100 10101 11000 11001 11010 11011 11101 11111
00000 01000 01001 01011 01111 10000 10001 10011 10100 10101 10111 11000 11001 11010 11011 11111
00000 01000 01001 01011 01111 10000 10001 10011 10100 10101 10110 10111 11000 11001 11011 11111
00000 01000 01001 01011 01111 10000 10001 10010 10110 11000 11001 11010 11011 11101 11110 11111
00000 01000 01001 01011 01111 10000 10001 10010 10110 11000 11001 11010 11011 11100 11110 11111
00000 01000 01001 01011 01111 10000 10001 10010 10101 11000 11001 11010 11011 11101 11110 11111
00000 01000 01001 01011 01111 10000 10001 10010 10101 11000 11001 11010 11011 11100 11101 11111
00000 01000 01001 01011 01111 10000 10001 10010 10100 11000 11001 11010 11011 11100 11110 11111
00000 01000 01001 01011 01111 10000 10001 10010 10100 11000 11001 11010 11011 11100 11101 11111
00000 01000 01001 01011 01111 10000 10001 10010 10100 10110 11000 11001 11010 11011 11110 11111
00000 01000 01001 01011 01111 10000 10001 10010 10100 10101 11000 11001 11010 11011 11101 11111
00000 01000 01001 01011 01111 10000 10001 10010 10011 10111 11000 11001 11011 11100 11101 11111
00000 01000 01001 01011 01111 10000 10001 10010 10011 10110 10111 11000 11001 11011 11101 11111
00000 01000 01001 01011 01111 10000 10001 10010 10011 10101 11000 11001 11011 11100 11101 11111
00000 01000 01001 01011 01111 10000 10001 10010 10011 10101 10110 10111 11000 11001 11011 11111
00000 01000 01001 01011 01111 10000 10001 10010 10011 10100 11000 11001 11011 11100 11101 11111
00000 01000 01001 01011 01111 10000 10001 10010 10011 10100 10110 10111 11000 11001 11011 11111
00000 01000 01001 01011 01111 10000 10001 10010 10011 10100 10101 11000 11001 11011 11101 11111
00000 01000 01001 01011 01111 10000 10001 10010 10011 10100 10101 10111 11000 11001 11011 11111
00000 01000 01001 01011 01101 10000 10100 10110 10111 11000 11001 11011 11100 11101 11110 11111
00000 01000 01001 01011 01101 10000 10100 10101 10111 11000 11001 11011 11100 11101 11110 11111
00000 01000 01001 01011 01101 10000 10100 10101 10111 11000 11001 11010 11011 11100 11101 11111
00000 01000 01001 01011 01101 10000 10100 10101 10110 11000 11001 11011 11100 11101 11110 11111
00000 01000 01001 01011 01101 10000 10100 10101 10110 10111 11000 11001 11011 11100 11101 11111
00000 01000 01001 01011 01101 10000 10010 10110 10111 11000 11001 11010 11011 11101 11110 11111
00000 01000 01001 01011 01101 10000 10010 10100 10101 11000 11001 11010 11011 11100 11101 11111
00000 01000 01001 01011 01101 10000 10010 10011 10111 11000 11001 11010 11011 11101 11110 11111
00000 01000 01001 01011 01101 10000 10010 10011 10111 11000 11001 11010 11011 11100 11101 11111
00000 01000 01001 01011 01101 10000 10010 10011 10110 11000 11001 11010 11011 11101 11110 11111
00000 01000 01001 01011 01101 10000 10010 10011 10110 10111 11000 11001 11010 11011 11101 11111
00000 01000 01001 01011 01101 10000 10010 10011 10100 11000 11001 11010 11011 11100 11101 11111
00000 01000 01001 01011 01101 10000 10001 10101 10111 11000 11001 11011 11100 11101 11110 11111
00000 01000 01001 01011 01101 10000 10001 10101 10111 11000 11001 11010 11011 11101 11110 11111
00000 01000 01001 01011 01101 10000 10001 10101 10111 11000 11001 11010 11011 11100 11101 11111
00000 01000 01001 01011 01101 10000 10001 10100 10110 11000 11001 11011 11100 11101 11110 11111
00000 01000 01001 01011 01101 10000 10001 10100 10101 10111 11000 11001 11010 11011 11101 11111
00000 01000 01001 01011 01101 10000 10001 10100 10101 10110 10111 11000 11001 11011 11101 11111
00000 01000 01001 01011 01101 10000 10001 10011 10111 11000 11001 11011 11100 11101 11110 11111
00000 01000 01001 01011 01101 10000 10001 10011 10111 11000 11001 11010 11011 11101 11110 11111
00000 01000 01001 01011 01101 10000 10001 10011 10111 11000 11001 11010 11011 11100 11101 11111
00000 01000 01001 01011 01101 10000 10001 10011 10101 11000 11001 11011 11100 11101 11110 11111
00000 01000 01001 01011 01101 10000 10001 10011 10101 11000 11001 11010 11011 11101 11110 11111
00000 01000 01001 01011 01101 10000 10001 10011 10101 11000 11001 11010 11011 11100 11101 11111
00000 01000 01001 01011 01101 10000 10001 10011 10100 11000 11001 11011 11100 11101 11110 11111
00000 01000 01001 01011 01101 10000 10001 10011 10100 11000 11001 11010 11011 11100 11101 11111
00000 01000 01001 01011 01101 10000 10001 10011 10100 10101 11000 11001 11010 11011 11101 11111
00000 01000 01001 01011 01101 10000 10001 10010 10110 11000 11001 11010 11011 11101 11110 11111
00000 01000 01001 01011 01101 10000 10001 10010 10101 11000 11001 11010 11011 11101 11110 11111
00000 01000 01001 01011 01101 10000 10001 10010 10101 11000 11001 11010 11011 11100 11101 11111
00000 01000 01001 01011 01101 10000 10001 10010 10100 11000 11001 11010 11011 11100 11101 11111
00000 01000 01001 01011 01101 10000 10001 10010 10100 10101 11000 11001 11010 11011 11101 11111
00000 01000 01001 01011 01101 10000 10001 10010 10011 10111 11000 11001 11011 11100 11101 11111
00000 01000 01001 01011 01101 10000 10001 10010 10011 10110 10111 11000 11001 11011 11101 11111
00000 01000 01001 01011 01101 10000 10001 10010 10011 10101 11000 11001 11011 11100 11101 11111
00000 01000 01001 01011 01101 10000 10001 10010 10011 10100 11000 11001 11011 11100 11101 11111
00000 01000 01001 01011 01101 10000 10001 10010 10011 10100 10101 11000 11001 11011 11101 11111
00000 01000 01001 01011 01101 01111 10000 10100 10110 10111 11000 11001 11100 11101 11110 11111
00000 01000 01001 01011 01101 01111 10000 10100 10101 10111 11000 11001 11100 11101 11110 11111
00000 01000 01001 01011 01101 01111 10000 10100 10101 10110 11000 11001 11100 11101 11110 11111
00000 01000 01001 01011 01101 01111 10000 10100 10101 10110 10111 11000 11001 11100 11101 11111
00000 01000 01001 01011 01101 01111 10000 10010 10110 10111 11000 11001 11010 11011 11110 11111
00000 01000 01001 01011 01101 01111 10000 10010 10011 10111 11000 11001 11010 11011 11110 11111
00000 01000 01001 01011 01101 01111 10000 10010 10011 10110 11000 11001 11010 11011 11110 11111
00000 01000 01001 01011 01101 01111 10000 10010 10011 10110 10111 11000 11001 11010 11011 11111
00000 01000 01001 01011 01101 01111 10000 10001 10101 10111 11000 11001 11100 11101 11110 11111
00000 01000 01001 01011 01101 01111 10000 10001 10100 10110 11000 11001 11100 11101 11110 11111
00000 01000 01001 01011 01101 01111 10000 10001 10100 10101 10110 10111 11000 11001 11101 11111
00000 01000 01001 01011 01101 01111 10000 10001 10011 10111 11000 11001 11010 11011 11110 11111
00000 01000 01001 01011 01101 01111 10000 10001 10010 10110 11000 11001 11010 11011 11110 11111
00000 01000 01001 01011 01101 01111 10000 10001 10010 10011 10110 10111 11000 11001 11011 11111
00000 01000 01001 01011 01100 10000 10100 10110 10111 11000 11001 11011 11100 11101 11110 11111
00000 01000 01001 01011 01100 10000 10100 10110 10111 11000 11001 11010 11011 11100 11110 11111
00000 01000 01001 01011 01100 10000 10100 10101 10111 11000 11001 11011 11100 11101 11110 11111
00000 01000 01001 01011 01100 10000 10100 10101 10111 11000 11001 11010 11011 11100 11101 11111
00000 01000 01001 01011 01100 10000 10100 10101 10110 11000 11001 11011 11100 11101 11110 11111
00000 01000 01001 01011 01100 10000 10100 10101 10110 10111 11000 11001 11011 11100 11101 11111
00000 01000 01001 01011 01100 10000 10010 10110 10111 11000 11001 11010 11011 11100 11110 11111
00000 01000 01001 01011 01100 10000 10010 10100 10101 11000 11001 11010 11011 11100 11101 11111
00000 01000 01001 01011 01100 10000 10010 10011 10111 11000 11001 11010 11011 11100 11110 11111
00000 01000 01001 01011 01100 10000 10010 10011 10111 11000 11001 11010 11011 11100 11101 11111
00000 01000 01001 01011 01100 10000 10010 10011 10110 11000 11001 11010 11011 11100 11110 11111
00000 01000 01001 01011 01100 10000 10010 10011 10100 11000 11001 11010 11011 11100 11110 11111
00000 01000 01001 01011 01100 10000 10010 10011 10100 11000 11001 11010 11011 11100 11101 11111
00000 01000 01001 01011 01100 10000 10001 10101 10111 11000 11001 11011 11100 11101 11110 11111
00000 01000 01001 01011 01100 10000 10001 10101 10111 11000 11001 11010 11011 11100 11101 11111
00000 01000 01001 01011 01100 10000 10001 10100 10110 11000 11001 11011 11100 11101 11110 11111
00000 01000 01001 01011 01100 10000 10001 10100 10110 11000 11001 11010 11011 11100 11110 11111
00000 01000 01001 01011 01100 10000 10001 10011 10111 11000 11001 11011 11100 11101 11110 11111
00000 01000 01001 01011 01100 10000 10001 10011 10111 11000 11001 11010 11011 11100 11110 11111
00000 01000 01001 01011 01100 10000 10001 10011 10111 11000 11001 11010 11011 11100 11101 11111
00000 01000 01001 01011 01100 10000 10001 10011 10101 11000 11001 11011 11100 11101 11110 11111
00000 01000 01001 01011 01100 10000 10001 10011 10101 11000 11001 11010 11011 11100 11101 11111
00000 01000 01001 01011 01100 10000 10001 10011 10100 11000 11001 11011 11100 11101 11110 11111
00000 01000 01001 01011 01100 10000 10001 10011 10100 11000 11001 11010 11011 11100 11110 11111
00000 01000 01001 01011 01100 10000 10001 10011 10100 11000 11001 11010 11011 11100 11101 11111
00000 01000 01001 01011 01100 10000 10001 10010 10110 11000 11001 11010 11011 11100 11110 11111
00000 01000 01001 01011 01100 10000 10001 10010 10101 11000 11001 11010 11011 11100 11101 11111
00000 01000 01001 01011 01100 10000 10001 10010 10100 11000 11001 11010 11011 11100 11110 11111
00000 01000 01001 01011 01100 10000 10001 10010 10100 11000 11001 11010 11011 11100 11101 11111
00000 01000 01001 01011 01100 10000 10001 10010 10011 10111 11000 11001 11011 11100 11101 11111
00000 01000 01001 01011 01100 10000 10001 10010 10011 10101 11000 11001 11011 11100 11101 11111
00000 01000 01001 01011 01100 10000 10001 10010 10011 10100 11000 11001 11011 11100 11101 11111
00000 01000 01001 01011 01100 01101 10000 10010 10011 10111 11000 11001 11010 11011 11101 11111
00000 01000 01001 01011 01100 01101 10000 10001 10101 10111 11000 11001 11010 11011 11101 11111
00000 01000 01001 01011 01100 01101 10000 10001 10011 10111 11000 11001 11010 11011 11101 11111
00000 01000 01001 01011 01100 01101 10000 10001 10011 10101 11000 11001 11010 11011 11101 11111
00000 01000 01001 01011 01100 01101 10000 10001 10010 10101 11000 11001 11010 11011 11101 11111
00000 01000 01001 01011 01100 01101 10000 10001 10010 10011 10111 11000 11001 11011 11101 11111
00000 01000 01001 01011 01100 01101 10000 10001 10010 10011 10101 11000 11001 11011 11101 11111
00000 01000 01001 01011 01100 01101 01111 10000 10100 10110 10111 11000 11100 11101 11110 11111
00000 01000 01001 01011 01100 01101 01111 10000 10100 10101 10111 11000 11100 11101 11110 11111
00000 01000 01001 01011 01100 01101 01111 10000 10100 10101 10110 11000 11100 11101 11110 11111
00000 01000 01001 01011 01100 01101 01111 10000 10100 10101 10110 10111 11000 11100 11101 11111
00000 01000 01001 01011 01100 01101 01111 10000 10010 10011 10111 11000 11001 11010 11011 11111
00000 01000 01001 01011 01100 01101 01111 10000 10001 10011 10111 11000 11001 11010 11011 11111
00000 01000 01001 01011 01100 01101 01111 10000 10001 10010 10011 10111 11000 11001 11011 11111
00000 01000 01001 01011 01100 01101 01110 01111 10000 10100 10110 10111 11000 11100 11110 11111
00000 01000 01001 01011 01100 01101 01110 01111 10000 10100 10101 10111 11000 11100 11101 11111
00000 01000 01001 01011 01100 01101 01110 01111 10000 10001 10101 10111 11000 11001 11101 11111
00000 01000 01001 01011 01100 01101 01110 01111 10000 10001 10011 10111 11000 11001 11011 11111
00000 01000 01001 01010 01110 10000 10100 10110 10111 11000 11001 11010 11100 11101 11110 11111
00000 01000 01001 01010 01110 10000 10100 10110 10111 11000 11001 11010 11011 11100 11110 11111
00000 01000 01001 01010 01110 10000 10100 10101 10111 11000 11001 11010 11100 11101 11110 11111
00000 01000 01001 01010 01110 10000 10100 10101 10110 11000 11001 11010 11100 11101 11110 11111
00000 01000 01001 01010 01110 10000 10010 10110 10111 11000 11001 11010 11100 11101 11110 11111
00000 01000 01001 01010 01110 10000 10010 10110 10111 11000 11001 11010 11011 11101 11110 11111
00000 01000 01001 01010 01110 10000 10010 10110 10111 11000 11001 11010 11011 11100 11110 11111
00000 01000 01001 01010 01110 10000 10010 10100 10110 10111 11000 11001 11010 11011 11110 11111
00000 01000 01001 01010 01110 10000 10010 10100 10101 11000 11001 11010 11100 11101 11110 11111
00000 01000 01001 01010 01110 10000 10010 10011 10111 11000 11001 11010 11011 11101 11110 11111
00000 01000 01001 01010 01110 10000 10010 10011 10111 11000 11001 11010 11011 11100 11110 11111
00000 01000 01001 01010 01110 10000 10010 10011 10110 11000 11001 11010 11011 11101 11110 11111
00000 01000 01001 01010 01110 10000 10010 10011 10110 11000 11001 11010 11011 11100 11110 11111
00000 01000 01001 01010 01110 10000 10010 10011 10100 11000 11001 11010 11011 11100 11110 11111
00000 01000 01001 01010 01110 10000 10010 10011 10100 10110 11000 11001 11010 11011 11110 11111
00000 01000 01001 01010 01110 10000 10001 10101 10111 11000 11001 11010 11100 11101 11110 11111
00000 01000 01001 01010 01110 10000 10001 10101 10111 11000 11001 11010 11011 11101 11110 11111
00000 01000 01001 01010 01110 10000 10001 10100 10110 11000 11001 11010 11100 11101 11110 11111
00000 01000 01001 01010 01110 10000 10001 10100 10110 11000 11001 11010 11011 11100 11110 11111
00000 01000 01001 01010 01110 10000 10001 10011 10111 11000 11001 11010 11011 11101 11110 11111
00000 01000 01001 01010 01110 10000 10001 10011 10111 11000 11001 11010 11011 11100 11110 11111
00000 01000 01001 01010 01110 10000 10001 10011 10101 11000 11001 11010 11011 11101 11110 11111
00000 01000 01001 01010 01110 10000 10001 10011 10101 10111 11000 11001 11010 11011 11110 11111
00000 01000 01001 01010 01110 10000 10001 10011 10100 11000 11001 11010 11011 11100 11110 11111
00000 01000 01001 01010 01110 10000 10001 10010 10110 11000 11001 11010 11100 11101 11110 11111
00000 01000 01001 01010 01110 10000 10001 10010 10110 11000 11001 11010 11011 11101 11110 11111
00000 01000 01001 01010 01110 10000 10001 10010 10110 11000 11001 11010 11011 11100 11110 11111
00000 01000 01001 01010 01110 10000 10001 10010 10101 11000 11001 11010 11100 11101 11110 11111
00000 01000 01001 01010 01110 10000 10001 10010 10101 11000 11001 11010 11011 11101 11110 11111
00000 01000 01001 01010 01110 10000 10001 10010 10100 11000 11001 11010 11100 11101 11110 11111
00000 01000 01001 01010 01110 10000 10001 10010 10100 11000 11001 11010 11011 11100 11110 11111
00000 01000 01001 01010 01110 10000 10001 10010 10100 10110 11000 11001 11010 11011 11110 11111
00000 01000 01001 01010 01101 10000 10100 10110 10111 11000 11001 11010 11100 11101 11110 11111
00000 01000 01001 01010 01101 10000 10100 10101 10111 11000 11001 11010 11100 11101 11110 11111
00000 01000 01001 01010 01101 10000 10100 10101 10111 11000 11001 11010 11011 11100 11101 11111
00000 01000 01001 01010 01101 10000 10100 10101 10110 11000 11001 11010 11100 11101 11110 11111
00000 01000 01001 01010 01101 10000 10010 10110 10111 11000 11001 11010 11100 11101 11110 11111
00000 01000 01001 01010 01101 10000 10010 10110 10111 11000 11001 11010 11011 11101 11110 11111
00000 01000 01001 01010 01101 10000 10010 10100 10101 11000 11001 11010 11100 11101 11110 11111
00000 01000 01001 01010 01101 10000 10010 10100 10101 11000 11001 11010 11011 11100 11101 11111
00000 01000 01001 01010 01101 10000 10010 10011 10111 11000 11001 11010 11011 11101 11110 11111
00000 01000 01001 01010 01101 10000 10010 10011 10111 11000 11001 11010 11011 11100 11101 11111
00000 01000 01001 01010 01101 10000 10010 10011 10110 11000 11001 11010 11011 11101 11110 11111
00000 01000 01001 01010 01101 10000 10010 10011 10110 10111 11000 11001 11010 11011 11101 11111
00000 01000 01001 01010 01101 10000 10010 10011 10100 11000 11001 11010 11011 11100 11101 11111
00000 01000 01001 01010 01101 10000 10001 10101 10111 11000 11001 11010 11100 11101 11110 11111
00000 01000 01001 01010 01101 10000 10001 10101 10111 11000 11001 11010 11011 11101 11110 11111
00000 01000 01001 01010 01101 10000 10001 10101 10111 11000 11001 11010 11011 11100 11101 11111
00000 01000 01001 01010 01101 10000 10001 10100 10110 11000 11001 11010 11100 11101 11110 11111
00000 01000 01001 01010 01101 10000 10001 10100 10101 10111 11000 11001 11010 11011 11101 11111
00000 01000 01001 01010 01101 10000 10001 10011 10111 11000 11001 11010 11011 11101 11110 11111
00000 01000 01001 01010 01101 10000 10001 10011 10111 11000 11001 11010 11011 11100 11101 11111
00000 01000 01001 01010 01101 10000 10001 10011 10101 11000 11001 11010 11011 11101 11110 11111
00000 01000 01001 01010 01101 10000 10001 10011 10101 11000 11001 11010 11011 11100 11101 11111
00000 01000 01001 01010 01101 10000 10001 10011 10100 11000 11001 11010 11011 11100 11101 11111
00000 01000 01001 01010 01101 10000 10001 10011 10100 10101 11000 11001 11010 11011 11101 11111
00000 01000 01001 01010 01101 10000 10001 10010 10110 11000 11001 11010 11100 11101 11110 11111
00000 01000 01001 01010 01101 10000 10001 10010 10110 11000 11001 11010 11011 11101 11110 11111
00000 01000 01001 01010 01101 10000 10001 10010 10101 11000 11001 11010 11100 11101 11110 11111
00000 01000 01001 01010 01101 10000 10001 10010 10101 11000 11001 11010 11011 11101 11110 11111
00000 01000 01001 01010 01101 10000 10001 10010 10101 11000 11001 11010 11011 11100 11101 11111
00000 01000 01001 01010 01101 10000 10001 10010 10100 11000 11001 11010 11100 11101 11110 11111
00000 01000 01001 01010 01101 10000 10001 10010 10100 11000 11001 11010 11011 11100 11101 11111
00000 01000 01001 01010 01101 10000 10001 10010 10100 10101 11000 11001 11010 11011 11101 11111
00000 01000 01001 01010 01100 10000 10100 10110 10111 11000 11001 11010 11100 11101 11110 11111
00000 01000 01001 01010 01100 10000 10100 10110 10111 11000 11001 11010 11011 11100 11110 11111
00000 01000 01001 01010 01100 10000 10100 10101 10111 11000 11001 11010 11100 11101 11110 11111
00000 01000 01001 01010 01100 10000 10100 10101 10111 11000 11001 11010 11011 11100 11101 11111
00000 01000 01001 01010 01100 10000 10100 10101 10110 11000 11001 11010 11100 11101 11110 11111
00000 01000 01001 01010 01100 10000 10010 10110 10111 11000 11001 11010 11100 11101 11110 11111
00000 01000 01001 01010 01100 10000 10010 10110 10111 11000 11001 11010 11011 11100 11110 11111
00000 01000 01001 01010 01100 10000 10010 10100 10101 11000 11001 11010 11100 11101 11110 11111
00000 01000 01001 01010 01100 10000 10010 10100 10101 11000 11001 11010 11011 11100 11101 11111
00000 01000 01001 01010 01100 10000 10010 10011 10111 11000 11001 11010 11011 11100 11110 11111
00000 01000 01001 01010 01100 10000 10010 10011 10111 11000 11001 11010 11011 11100 11101 11111
00000 01000 01001 01010 01100 10000 10010 10011 10110 11000 11001 11010 11011 11100 11110 11111
00000 01000 01001 01010 01100 10000 10010 10011 10100 11000 11001 11010 11011 11100 11110 11111
00000 01000 01001 01010 01100 10000 10010 10011 10100 11000 11001 11010 11011 11100 11101 11111
00000 01000 01001 01010 01100 10000 10001 10101 10111 11000 11001 11010 11100 11101 11110 11111
00000 01000 01001 01010 01100 10000 10001 10101 10111 11000 11001 11010 11011 11100 11101 11111
00000 01000 01001 01010 01100 10000 10001 10100 10110 11000 11001 11010 11100 11101 11110 11111
00000 01000 01001 01010 01100 10000 10001 10100 10110 11000 11001 11010 11011 11100 11110 11111
00000 01000 01001 01010 01100 10000 10001 10011 10111 11000 11001 11010 11011 11100 11110 11111
00000 01000 01001 01010 01100 10000 10001 10011 10111 11000 11001 11010 11011 11100 11101 11111
00000 01000 01001 01010 01100 10000 10001 10011 10101 11000 11001 11010 11011 11100 11101 11111
00000 01000 01001 01010 01100 10000 10001 10011 10100 11000 11001 11010 11011 11100 11110 11111
00000 01000 01001 01010 01100 10000 10001 10011 10100 11000 11001 11010 11011 11100 11101 11111
00000 01000 01001 01010 01100 10000 10001 10010 10110 11000 11001 11010 11100 11101 11110 11111
00000 01000 01001 01010 01100 10000 10001 10010 10110 11000 11001 11010 11011 11100 11110 11111
00000 01000 01001 01010 01100 10000 10001 10010 10101 11000 11001 11010 11100 11101 11110 11111
00000 01000 01001 01010 01100 10000 10001 10010 10101 11000 11001 11010 11011 11100 11101 11111
00000 01000 01001 01010 01100 10000 10001 10010 10100 11000 11001 11010 11100 11101 11110 11111
00000 01000 01001 01010 01100 10000 10001 10010 10100 11000 11001 11010 11011 11100 11110 11111
00000 01000 01001 01010 01100 10000 10001 10010 10100 11000 11001 11010 11011 11100 11101 11111
00000 01000 01001 01010 01100 01110 10000 10100 10110 10111 11000 11001 11100 11101 11110 11111
00000 01000 01001 01010 01100 01110 10000 10100 10101 10111 11000 11001 11100 11101 11110 11111
00000 01000 01001 01010 01100 01110 10000 10100 10101 10110 11000 11001 11100 11101 11110 11111
00000 01000 01001 01010 01100 01110 10000 10010 10110 10111 11000 11001 11010 11011 11110 11111
00000 01000 01001 01010 01100 01110 10000 10010 10011 10111 11000 11001 11010 11011 11110 11111
00000 01000 01001 01010 01100 01110 10000 10010 10011 10110 11000 11001 11010 11011 11110 11111
00000 01000 01001 01010 01100 01110 10000 10001 10101 10111 11000 11001 11100 11101 11110 11111
00000 01000 01001 01010 01100 01110 10000 10001 10100 10110 11000 11001 11100 11101 11110 11111
00000 01000 01001 01010 01100 01110 10000 10001 10011 10111 11000 11001 11010 11011 11110 11111
00000 01000 01001 01010 01100 01110 10000 10001 10010 10110 11000 11001 11010 11011 11110 11111
00000 01000 01001 01010 01100 01101 10000 10100 10110 10111 11000 11010 11100 11101 11110 11111
00000 01000 01001 01010 01100 01101 10000 10100 10101 10111 11000 11010 11100 11101 11110 11111
00000 01000 01001 01010 01100 01101 10000 10100 10101 10110 11000 11010 11100 11101 11110 11111
00000 01000 01001 01010 01100 01101 10000 10010 10110 10111 11000 11010 11100 11101 11110 11111
00000 01000 01001 01010 01100 01101 10000 10010 10100 10101 11000 11010 11100 11101 11110 11111
00000 01000 01001 01010 01100 01101 10000 10010 10011 10111 11000 11001 11010 11011 11101 11111
00000 01000 01001 01010 01100 01101 10000 10001 10101 10111 11000 11001 11010 11011 11101 11111
00000 01000 01001 01010 01100 01101 10000 10001 10011 10111 11000 11001 11010 11011 11101 11111
00000 01000 01001 01010 01100 01101 10000 10001 10011 10101 11000 11001 11010 11011 11101 11111
00000 01000 01001 01010 01100 01101 10000 10001 10010 10101 11000 11001 11010 11011 11101 11111
00000 01000 01001 01010 01100 01101 01110 10000 10100 10110 10111 11000 11100 11101 11110 11111
00000 01000 01001 01010 01100 01101 01110 10000 10100 10101 10111 11000 11100 11101 11110 11111
00000 01000 01001 01010 01100 01101 01110 10000 10100 10101 10110 11000 11100 11101 11110 11111
00000 01000 01001 01010 01100 01101 01110 01111 10000 10100 10110 10111 11000 11100 11110 11111
00000 01000 01001 01010 01100 01101 01110 01111 10000 10100 10101 10111 11000 11100 11101 11111
00000 01000 01001 01010 01100 01101 01110 01111 10000 10010 10110 10111 11000 11010 11110 11111
00000 01000 01001 01010 01100 01101 01110 01111 10000 10001 10101 10111 11000 11001 11101 11111
00000 01000 01001 01010 01011 01111 10000 10100 10110 10111 11000 11010 11011 11100 11110 11111
00000 01000 01001 01010 01011 01111 10000 10100 10101 10111 11000 11001 11011 11100 11101 11111
00000 01000 01001 01010 01011 01111 10000 10010 10110 10111 11000 11010 11011 11100 11110 11111
00000 01000 01001 01010 01011 01111 10000 10010 10100 10110 10111 11000 11010 11011 11110 11111
00000 01000 01001 01010 01011 01111 10000 10010 10011 10111 11000 11010 11011 11100 11110 11111
00000 01000 01001 01010 01011 01111 10000 10010 10011 10110 11000 11010 11011 11100 11110 11111
00000 01000 01001 01010 01011 01111 10000 10010 10011 10100 11000 11010 11011 11100 11110 11111
00000 01000 01001 01010 01011 01111 10000 10010 10011 10100 10110 11000 11010 11011 11110 11111
00000 01000 01001 01010 01011 01111 10000 10010 10011 10100 10110 10111 11000 11010 11011 11111
00000 01000 01001 01010 01011 01111 10000 10001 10101 10111 11000 11001 11011 11100 11101 11111
00000 01000 01001 01010 01011 01111 10000 10001 10100 10101 10111 11000 11001 11011 11101 11111
00000 01000 01001 01010 01011 01111 10000 10001 10011 10111 11000 11001 11011 11100 11101 11111
00000 01000 01001 01010 01011 01111 10000 10001 10011 10101 11000 11001 11011 11100 11101 11111
00000 01000 01001 01010 01011 01111 10000 10001 10011 10100 11000 11001 11011 11100 11101 11111
00000 01000 01001 01010 01011 01111 10000 10001 10011 10100 10101 11000 11001 11011 11101 11111
00000 01000 01001 01010 01011 01111 10000 10001 10011 10100 10101 10111 11000 11001 11011 11111
00000 01000 01001 01010 01011 01110 10000 10100 10110 10111 11000 11010 11011 11100 11110 11111
00000 01000 01001 01010 01011 01110 10000 10010 10110 10111 11000 11010 11011 11100 11110 11111
00000 01000 01001 01010 01011 01110 10000 10010 10100 10110 10111 11000 11010 11011 11110 11111
00000 01000 01001 01010 01011 01110 10000 10010 10011 10111 11000 11010 11011 11100 11110 11111
00000 01000 01001 01010 01011 01110 10000 10010 10011 10110 11000 11010 11011 11100 11110 11111
00000 01000 01001 01010 01011 01110 10000 10010 10011 10100 11000 11010 11011 11100 11110 11111
00000 01000 01001 01010 01011 01110 10000 10010 10011 10100 10110 11000 11010 11011 11110 11111
00000 01000 01001 01010 01011 01110 01111 10000 10100 10110 10111 11000 11010 11100 11110 11111
00000 01000 01001 01010 01011 01110 01111 10000 10010 10110 10111 11000 11010 11100 11110 11111
00000 01000 01001 01010 01011 01110 01111 10000 10010 10100 10110 10111 11000 11010 11110 11111
00000 01000 01001 01010 01011 01110 01111 10000 10001 10101 10111 11000 11001 11011 11101 11111
00000 01000 01001 01010 01011 01110 01111 10000 10001 10011 10111 11000 11001 11011 11101 11111
00000 01000 01001 01010 01011 01110 01111 10000 10001 10011 10101 11000 11001 11011 11101 11111
00000 01000 01001 01010 01011 01110 01111 10000 10001 10011 10101 10111 11000 11001 11011 11111
00000 01000 01001 01010 01011 01101 10000 10100 10101 10111 11000 11001 11011 11100 11101 11111
00000 01000 01001 01010 01011 01101 10000 10001 10101 10111 11000 11001 11011 11100 11101 11111
00000 01000 01001 01010 01011 01101 10000 10001 10100 10101 10111 11000 11001 11011 11101 11111
00000 01000 01001 01010 01011 01101 10000 10001 10011 10111 11000 11001 11011 11100 11101 11111
00000 01000 01001 01010 01011 01101 10000 10001 10011 10101 11000 11001 11011 11100 11101 11111
00000 01000 01001 01010 01011 01101 10000 10001 10011 10100 11000 11001 11011 11100 11101 11111
00000 01000 01001 01010 01011 01101 10000 10001 10011 10100 10101 11000 11001 11011 11101 11111
00000 01000 01001 01010 01011 01101 01111 10000 10100 10101 10111 11000 11001 11100 11101 11111
00000 01000 01001 01010 01011 01101 01111 10000 10010 10110 10111 11000 11010 11011 11110 11111
00000 01000 01001 01010 01011 01101 01111 10000 10010 10011 10111 11000 11010 11011 11110 11111
00000 01000 01001 01010 01011 01101 01111 10000 10010 10011 10110 11000 11010 11011 11110 11111
00000 01000 01001 01010 01011 01101 01111 10000 10010 10011 10110 10111 11000 11010 11011 11111
00000 01000 01001 01010 01011 01101 01111 10000 10001 10101 10111 11000 11001 11100 11101 11111
00000 01000 01001 01010 01011 01101 01111 10000 10001 10100 10101 10111 11000 11001 11101 11111
00000 01000 01001 01010 01011 01101 01110 01111 10000 10010 10110 10111 11000 11010 11110 11111
00000 01000 01001 01010 01011 01101 01110 01111 10000 10010 10011 10111 11000 11010 11011 11111
00000 01000 01001 01010 01011 01101 01110 01111 10000 10001 10101 10111 11000 11001 11101 11111
00000 01000 01001 01010 01011 01101 01110 01111 10000 10001 10011 10111 11000 11001 11011 11111
00000 01000 01001 01010 01011 01100 10000 10100 10110 10111 11000 11010 11011 11100 11110 11111
00000 01000 01001 01010 01011 01100 10000 10100 10101 10111 11000 11001 11011 11100 11101 11111
00000 01000 01001 01010 01011 01100 10000 10010 10110 10111 11000 11010 11011 11100 11110 11111
00000 01000 01001 01010 01011 01100 10000 10010 10011 10111 11000 11010 11011 11100 11110 11111
00000 01000 01001 01010 01011 01100 10000 10010 10011 10110 11000 11010 11011 11100 11110 11111
00000 01000 01001 01010 01011 01100 10000 10010 10011 10100 11000 11010 11011 11100 11110 11111
00000 01000 01001 01010 01011 01100 10000 10001 10101 10111 11000 11001 11011 11100 11101 11111
00000 01000 01001 01010 01011 01100 10000 10001 10011 10111 11000 11001 11011 11100 11101 11111
00000 01000 01001 01010 01011 01100 10000 10001 10011 10101 11000 11001 11011 11100 11101 11111
00000 01000 01001 01010 01011 01100 10000 10001 10011 10100 11000 11001 11011 11100 11101 11111
00000 01000 01001 01010 01011 01100 01110 10000 10010 10110 10111 11000 11010 11011 11110 11111
00000 01000 01001 01010 01011 01100 01110 10000 10010 10011 10111 11000 11010 11011 11110 11111
00000 01000 01001 01010 01011 01100 01110 10000 10010 10011 10110 11000 11010 11011 11110 11111
00000 01000 01001 01010 01011 01100 01110 01111 10000 10100 10110 10111 11000 11100 11110 11111
00000 01000 01001 01010 01011 01100 01110 01111 10000 10010 10110 10111 11000 11010 11110 11111
00000 01000 01001 01010 01011 01100 01110 01111 10000 10010 10011 10111 11000 11010 11011 11111
00000 01000 01001 01010 01011 01100 01110 01111 10000 10001 10011 10111 11000 11001 11011 11111
00000 01000 01001 01010 01011 01100 01101 10000 10001 10101 10111 11000 11001 11011 11101 11111
00000 01000 01001 01010 01011 01100 01101 10000 10001 10011 10111 11000 11001 11011 11101 11111
00000 01000 01001 01010 01011 01100 01101 10000 10001 10011 10101 11000 11001 11011 11101 11111
00000 01000 01001 01010 01011 01100 01101 01111 10000 10100 10101 10111 11000 11100 11101 11111
00000 01000 01001 01010 01011 01100 01101 01111 10000 10010 10011 10111 11000 11010 11011 11111
00000 01000 01001 01010 01011 01100 01101 01111 10000 10001 10101 10111 11000 11001 11101 11111
00000 01000 01001 01010 01011 01100 01101 01111 10000 10001 10011 10111 11000 11001 11011 11111